0.020000 0.040000 0.060000 0.080000 0.100000 0.120000 0.140000 0.160000 0.180000 0.200000 0.220000 0.240000 0.260000 0.280000 0.300000 0.320000 0.340000 0.360000 0.380000 0.400000 0.420000 0.440000 0.460000 0.480000 0.500000 0.520000 0.540000 0.560000 0.580000 0.600000 0.620000 0.640000 0.660000 0.680000 0.700000 0.720000 0.740000 0.760000 0.780000 0.800000 0.820000 0.840000 0.860000 0.880000 0.900000 0.920000 
0.019996 0.039992 0.059988 0.079984 0.099980 0.119976 0.139972 0.159968 0.179964 0.199960 0.219956 0.239952 0.259948 0.279944 0.299940 0.319936 0.339932 0.359928 0.379924 0.399920 0.419916 0.439912 0.459908 0.479904 0.499900 0.519896 0.539892 0.559888 0.579884 0.599880 0.619876 0.639872 0.659868 0.679864 0.699860 0.719856 0.739852 0.759848 0.779844 0.799840 0.819836 0.839832 0.859828 0.879824 0.899820 
0.019984 0.039968 0.059952 0.079936 0.099920 0.119904 0.139888 0.159872 0.179856 0.199840 0.219824 0.239808 0.259792 0.279776 0.299760 0.319744 0.339728 0.359712 0.379696 0.399680 0.419664 0.439648 0.459632 0.479616 0.499600 0.519584 0.539568 0.559552 0.579536 0.599520 0.619504 0.639488 0.659472 0.679456 0.699440 0.719424 0.739408 0.759392 0.779376 0.799360 0.819344 0.839328 0.859312 0.879296 
0.019964 0.039928 0.059892 0.079856 0.099820 0.119784 0.139748 0.159712 0.179676 0.199640 0.219604 0.239568 0.259532 0.279496 0.299460 0.319424 0.339388 0.359352 0.379316 0.399280 0.419244 0.439208 0.459172 0.479136 0.499100 0.519064 0.539028 0.558992 0.578956 0.598920 0.618884 0.638848 0.658812 0.678776 0.698740 0.718704 0.738668 0.758632 0.778596 0.798560 0.818524 0.838488 0.858452 
0.019936 0.039872 0.059808 0.079744 0.099680 0.119616 0.139552 0.159488 0.179424 0.199360 0.219296 0.239232 0.259168 0.279104 0.299041 0.318977 0.338913 0.358849 0.378785 0.398721 0.418657 0.438593 0.458529 0.478465 0.498401 0.518337 0.538273 0.558209 0.578145 0.598081 0.618017 0.637953 0.657889 0.677825 0.697761 0.717697 0.737633 0.757569 0.777505 0.797441 0.817377 0.837313 
0.019900 0.039800 0.059700 0.079600 0.099500 0.119400 0.139301 0.159201 0.179101 0.199001 0.218901 0.238801 0.258701 0.278601 0.298501 0.318401 0.338301 0.358201 0.378102 0.398002 0.417902 0.437802 0.457702 0.477602 0.497502 0.517402 0.537302 0.557202 0.577102 0.597002 0.616903 0.636803 0.656703 0.676603 0.696503 0.716403 0.736303 0.756203 0.776103 0.796003 0.815903 
0.019856 0.039712 0.059569 0.079425 0.099281 0.119137 0.138993 0.158849 0.178706 0.198562 0.218418 0.238274 0.258130 0.277986 0.297843 0.317699 0.337555 0.357411 0.377267 0.397123 0.416980 0.436836 0.456692 0.476548 0.496404 0.516260 0.536117 0.555973 0.575829 0.595685 0.615541 0.635398 0.655254 0.675110 0.694966 0.714822 0.734678 0.754535 0.774391 0.794247 
0.019804 0.039609 0.059413 0.079217 0.099022 0.118826 0.138630 0.158435 0.178239 0.198043 0.217848 0.237652 0.257456 0.277260 0.297065 0.316869 0.336673 0.356478 0.376282 0.396086 0.415891 0.435695 0.455499 0.475304 0.495108 0.514912 0.534717 0.554521 0.574325 0.594130 0.613934 0.633738 0.653543 0.673347 0.693151 0.712956 0.732760 0.752564 0.772368 
0.019745 0.039489 0.059234 0.078978 0.098723 0.118467 0.138212 0.157956 0.177701 0.197445 0.217190 0.236935 0.256679 0.276424 0.296168 0.315913 0.335657 0.355402 0.375146 0.394891 0.414635 0.434380 0.454125 0.473869 0.493614 0.513358 0.533103 0.552847 0.572592 0.592336 0.612081 0.631825 0.651570 0.671315 0.691059 0.710804 0.730548 0.750293 0.770037 
0.019677 0.039354 0.059031 0.078707 0.098384 0.118061 0.137738 0.157415 0.177092 0.196769 0.216446 0.236122 0.255799 0.275476 0.295153 0.314830 0.334507 0.354184 0.373861 0.393537 0.413214 0.432891 0.452568 0.472245 0.491922 0.511599 0.531276 0.550952 0.570629 0.590306 0.609983 0.629660 0.649337 0.669014 0.688691 0.708367 0.728044 0.747721 
0.019601 0.039203 0.058804 0.078405 0.098007 0.117608 0.137209 0.156811 0.176412 0.196013 0.215615 0.235216 0.254817 0.274419 0.294020 0.313621 0.333223 0.352824 0.372425 0.392027 0.411628 0.431229 0.450831 0.470432 0.490033 0.509635 0.529236 0.548837 0.568439 0.588040 0.607641 0.627243 0.646844 0.666445 0.686047 0.705648 0.725249 
0.019518 0.039036 0.058554 0.078072 0.097590 0.117108 0.136626 0.156144 0.175662 0.195179 0.214697 0.234215 0.253733 0.273251 0.292769 0.312287 0.331805 0.351323 0.370841 0.390359 0.409877 0.429395 0.448913 0.468431 0.487949 0.507467 0.526985 0.546503 0.566021 0.585538 0.605056 0.624574 0.644092 0.663610 0.683128 0.702646 0.722164 
0.019427 0.038854 0.058280 0.077707 0.097134 0.116561 0.135987 0.155414 0.174841 0.194268 0.213694 0.233121 0.252548 0.271975 0.291401 0.310828 0.330255 0.349682 0.369108 0.388535 0.407962 0.427389 0.446815 0.466242 0.485669 0.505096 0.524523 0.543949 0.563376 0.582803 0.602230 0.621656 0.641083 0.660510 0.679937 0.699363 
0.019328 0.038656 0.057983 0.077311 0.096639 0.115967 0.135295 0.154622 0.173950 0.193278 0.212606 0.231934 0.251261 0.270589 0.289917 0.309245 0.328573 0.347900 0.367228 0.386556 0.405884 0.425212 0.444539 0.463867 0.483195 0.502523 0.521851 0.541178 0.560506 0.579834 0.599162 0.618490 0.637817 0.657145 0.676473 0.695801 
0.019221 0.038442 0.057663 0.076884 0.096106 0.115327 0.134548 0.153769 0.172990 0.192211 0.211432 0.230653 0.249874 0.269096 0.288317 0.307538 0.326759 0.345980 0.365201 0.384422 0.403643 0.422864 0.442086 0.461307 0.480528 0.499749 0.518970 0.538191 0.557412 0.576633 0.595854 0.615075 0.634297 0.653518 0.672739 
0.019107 0.038213 0.057320 0.076427 0.095534 0.114640 0.133747 0.152854 0.171961 0.191067 0.210174 0.229281 0.248387 0.267494 0.286601 0.305708 0.324814 0.343921 0.363028 0.382135 0.401241 0.420348 0.439455 0.458562 0.477668 0.496775 0.515882 0.534988 0.554095 0.573202 0.592309 0.611415 0.630522 0.649629 0.668736 
0.018985 0.037969 0.056954 0.075939 0.094924 0.113908 0.132893 0.151878 0.170862 0.189847 0.208832 0.227817 0.246801 0.265786 0.284771 0.303755 0.322740 0.341725 0.360709 0.379694 0.398679 0.417664 0.436648 0.455633 0.474618 0.493602 0.512587 0.531572 0.550557 0.569541 0.588526 0.607511 0.626495 0.645480 
0.018855 0.037710 0.056565 0.075420 0.094275 0.113131 0.131986 0.150841 0.169696 0.188551 0.207406 0.226261 0.245116 0.263971 0.282826 0.301681 0.320537 0.339392 0.358247 0.377102 0.395957 0.414812 0.433667 0.452522 0.471377 0.490232 0.509088 0.527943 0.546798 0.565653 0.584508 0.603363 0.622218 0.641073 
0.018718 0.037436 0.056154 0.074872 0.093590 0.112308 0.131026 0.149743 0.168461 0.187179 0.205897 0.224615 0.243333 0.262051 0.280769 0.299487 0.318205 0.336923 0.355641 0.374359 0.393077 0.411795 0.430513 0.449230 0.467948 0.486666 0.505384 0.524102 0.542820 0.561538 0.580256 0.598974 0.617692 
0.018573 0.037147 0.055720 0.074293 0.092866 0.111440 0.130013 0.148586 0.167160 0.185733 0.204306 0.222880 0.241453 0.260026 0.278599 0.297173 0.315746 0.334319 0.352893 0.371466 0.390039 0.408612 0.427186 0.445759 0.464332 0.482906 0.501479 0.520052 0.538625 0.557199 0.575772 0.594345 0.612919 
0.018421 0.036842 0.055264 0.073685 0.092106 0.110527 0.128949 0.147370 0.165791 0.184212 0.202633 0.221055 0.239476 0.257897 0.276318 0.294740 0.313161 0.331582 0.350003 0.368424 0.386846 0.405267 0.423688 0.442109 0.460530 0.478952 0.497373 0.515794 0.534215 0.552637 0.571058 0.589479 
0.018262 0.036524 0.054785 0.073047 0.091309 0.109571 0.127832 0.146094 0.164356 0.182618 0.200880 0.219141 0.237403 0.255665 0.273927 0.292188 0.310450 0.328712 0.346974 0.365236 0.383497 0.401759 0.420021 0.438283 0.456544 0.474806 0.493068 0.511330 0.529592 0.547853 0.566115 0.584377 
0.018095 0.036190 0.054285 0.072380 0.090475 0.108570 0.126665 0.144760 0.162855 0.180950 0.199045 0.217140 0.235235 0.253330 0.271425 0.289521 0.307616 0.325711 0.343806 0.361901 0.379996 0.398091 0.416186 0.434281 0.452376 0.470471 0.488566 0.506661 0.524756 0.542851 0.560946 0.579041 
0.017921 0.035842 0.053763 0.071684 0.089605 0.107526 0.125447 0.143368 0.161289 0.179210 0.197132 0.215053 0.232974 0.250895 0.268816 0.286737 0.304658 0.322579 0.340500 0.358421 0.376342 0.394263 0.412184 0.430105 0.448026 0.465947 0.483868 0.501789 0.519710 0.537631 0.555553 
0.017740 0.035480 0.053220 0.070960 0.088699 0.106439 0.124179 0.141919 0.159659 0.177399 0.195139 0.212879 0.230619 0.248359 0.266098 0.283838 0.301578 0.319318 0.337058 0.354798 0.372538 0.390278 0.408018 0.425758 0.443497 0.461237 0.478977 0.496717 0.514457 0.532197 0.549937 
0.017552 0.035103 0.052655 0.070207 0.087758 0.105310 0.122862 0.140413 0.157965 0.175517 0.193068 0.210620 0.228171 0.245723 0.263275 0.280826 0.298378 0.315930 0.333481 0.351033 0.368585 0.386136 0.403688 0.421240 0.438791 0.456343 0.473895 0.491446 0.508998 0.526550 0.544101 
0.017356 0.034713 0.052069 0.069426 0.086782 0.104138 0.121495 0.138851 0.156207 0.173564 0.190920 0.208277 0.225633 0.242989 0.260346 0.277702 0.295059 0.312415 0.329771 0.347128 0.364484 0.381840 0.399197 0.416553 0.433910 0.451266 0.468622 0.485979 0.503335 0.520692 
0.017154 0.034308 0.051463 0.068617 0.085771 0.102925 0.120079 0.137233 0.154388 0.171542 0.188696 0.205850 0.223004 0.240158 0.257313 0.274467 0.291621 0.308775 0.325929 0.343083 0.360238 0.377392 0.394546 0.411700 0.428854 0.446009 0.463163 0.480317 0.497471 0.514625 
0.016945 0.033890 0.050835 0.067780 0.084726 0.101671 0.118616 0.135561 0.152506 0.169451 0.186396 0.203341 0.220286 0.237231 0.254177 0.271122 0.288067 0.305012 0.321957 0.338902 0.355847 0.372792 0.389737 0.406682 0.423628 0.440573 0.457518 0.474463 0.491408 0.508353 
0.016729 0.033459 0.050188 0.066917 0.083646 0.100376 0.117105 0.133834 0.150563 0.167293 0.184022 0.200751 0.217480 0.234210 0.250939 0.267668 0.284397 0.301127 0.317856 0.334585 0.351314 0.368044 0.384773 0.401502 0.418231 0.434961 0.451690 0.468419 0.485148 0.501878 
0.016507 0.033013 0.049520 0.066027 0.082534 0.099040 0.115547 0.132054 0.148560 0.165067 0.181574 0.198081 0.214587 0.231094 0.247601 0.264107 0.280614 0.297121 0.313628 0.330134 0.346641 0.363148 0.379654 0.396161 0.412668 0.429175 0.445681 0.462188 0.478695 0.495201 
0.016278 0.032555 0.048833 0.065110 0.081388 0.097665 0.113943 0.130221 0.146498 0.162776 0.179053 0.195331 0.211608 0.227886 0.244164 0.260441 0.276719 0.292996 0.309274 0.325551 0.341829 0.358107 0.374384 0.390662 0.406939 0.423217 0.439494 0.455772 0.472050 
0.016042 0.032084 0.048126 0.064168 0.080210 0.096251 0.112293 0.128335 0.144377 0.160419 0.176461 0.192503 0.208545 0.224587 0.240629 0.256671 0.272713 0.288754 0.304796 0.320838 0.336880 0.352922 0.368964 0.385006 0.401048 0.417090 0.433132 0.449174 0.465216 
0.015800 0.031600 0.047400 0.063199 0.078999 0.094799 0.110599 0.126399 0.142199 0.157998 0.173798 0.189598 0.205398 0.221198 0.236998 0.252798 0.268597 0.284397 0.300197 0.315997 0.331797 0.347597 0.363396 0.379196 0.394996 0.410796 0.426596 0.442396 0.458195 
0.015551 0.031103 0.046654 0.062206 0.077757 0.093309 0.108860 0.124412 0.139963 0.155515 0.171066 0.186617 0.202169 0.217720 0.233272 0.248823 0.264375 0.279926 0.295478 0.311029 0.326581 0.342132 0.357683 0.373235 0.388786 0.404338 0.419889 0.435441 0.450992 
0.015297 0.030594 0.045891 0.061187 0.076484 0.091781 0.107078 0.122375 0.137672 0.152968 0.168265 0.183562 0.198859 0.214156 0.229453 0.244749 0.260046 0.275343 0.290640 0.305937 0.321234 0.336531 0.351827 0.367124 0.382421 0.397718 0.413015 0.428312 0.443608 
0.015036 0.030072 0.045108 0.060144 0.075181 0.090217 0.105253 0.120289 0.135325 0.150361 0.165397 0.180433 0.195469 0.210506 0.225542 0.240578 0.255614 0.270650 0.285686 0.300722 0.315758 0.330795 0.345831 0.360867 0.375903 0.390939 0.405975 0.421011 0.436047 
0.014769 0.029539 0.044308 0.059077 0.073847 0.088616 0.103386 0.118155 0.132924 0.147694 0.162463 0.177232 0.192002 0.206771 0.221541 0.236310 0.251079 0.265849 0.280618 0.295387 0.310157 0.324926 0.339696 0.354465 0.369234 0.384004 0.398773 0.413542 0.428312 
0.014497 0.028993 0.043490 0.057987 0.072484 0.086980 0.101477 0.115974 0.130470 0.144967 0.159464 0.173961 0.188457 0.202954 0.217451 0.231948 0.246444 0.260941 0.275438 0.289934 0.304431 0.318928 0.333425 0.347921 0.362418 0.376915 0.391411 0.405908 0.420405 
0.014218 0.028437 0.042655 0.056873 0.071091 0.085310 0.099528 0.113746 0.127964 0.142183 0.156401 0.170619 0.184838 0.199056 0.213274 0.227492 0.241711 0.255929 0.270147 0.284365 0.298584 0.312802 0.327020 0.341238 0.355457 0.369675 0.383893 0.398112 
0.013934 0.027868 0.041802 0.055737 0.069671 0.083605 0.097539 0.111473 0.125407 0.139341 0.153275 0.167210 0.181144 0.195078 0.209012 0.222946 0.236880 0.250814 0.264749 0.278683 0.292617 0.306551 0.320485 0.334419 0.348353 0.362287 0.376222 0.390156 
0.013644 0.027289 0.040933 0.054578 0.068222 0.081867 0.095511 0.109155 0.122800 0.136444 0.150089 0.163733 0.177378 0.191022 0.204666 0.218311 0.231955 0.245600 0.259244 0.272888 0.286533 0.300177 0.313822 0.327466 0.341111 0.354755 0.368399 0.382044 
0.013349 0.026699 0.040048 0.053397 0.066746 0.080096 0.093445 0.106794 0.120143 0.133493 0.146842 0.160191 0.173540 0.186890 0.200239 0.213588 0.226937 0.240287 0.253636 0.266985 0.280334 0.293684 0.307033 0.320382 0.333731 0.347081 0.360430 0.373779 
0.013049 0.026097 0.039146 0.052195 0.065244 0.078292 0.091341 0.104390 0.117439 0.130487 0.143536 0.156585 0.169634 0.182682 0.195731 0.208780 0.221829 0.234877 0.247926 0.260975 0.274024 0.287072 0.300121 0.313170 0.326219 0.339267 0.352316 0.365365 
0.012743 0.025486 0.038229 0.050972 0.063715 0.076458 0.089201 0.101944 0.114687 0.127430 0.140173 0.152916 0.165659 0.178402 0.191145 0.203888 0.216631 0.229374 0.242117 0.254860 0.267603 0.280347 0.293090 0.305833 0.318576 0.331319 0.344062 0.356805 
0.012432 0.024864 0.037297 0.049729 0.062161 0.074593 0.087025 0.099458 0.111890 0.124322 0.136754 0.149186 0.161619 0.174051 0.186483 0.198915 0.211347 0.223780 0.236212 0.248644 0.261076 0.273508 0.285941 0.298373 0.310805 0.323237 0.335669 0.348102 
0.012116 0.024233 0.036349 0.048466 0.060582 0.072698 0.084815 0.096931 0.109048 0.121164 0.133280 0.145397 0.157513 0.169630 0.181746 0.193862 0.205979 0.218095 0.230212 0.242328 0.254444 0.266561 0.278677 0.290794 0.302910 0.315026 0.327143 0.339259 
0.011796 0.023592 0.035387 0.047183 0.058979 0.070775 0.082570 0.094366 0.106162 0.117958 0.129753 0.141549 0.153345 0.165141 0.176936 0.188732 0.200528 0.212324 0.224119 0.235915 0.247711 0.259507 0.271302 0.283098 0.294894 0.306690 0.318486 0.330281 
0.011470 0.022941 0.034411 0.045882 0.057352 0.068822 0.080293 0.091763 0.103234 0.114704 0.126174 0.137645 0.149115 0.160586 0.172056 0.183526 0.194997 0.206467 0.217938 0.229408 0.240878 0.252349 0.263819 0.275290 0.286760 0.298230 0.309701 0.321171 
0.011140 0.022281 0.033421 0.044562 0.055702 0.066843 0.077983 0.089124 0.100264 0.111405 0.122545 0.133685 0.144826 0.155966 0.167107 0.178247 0.189388 0.200528 0.211669 0.222809 0.233949 0.245090 0.256230 0.267371 0.278511 0.289652 0.300792 0.311933 0.323073 
0.010806 0.021612 0.032418 0.043224 0.054030 0.064836 0.075642 0.086448 0.097254 0.108060 0.118867 0.129673 0.140479 0.151285 0.162091 0.172897 0.183703 0.194509 0.205315 0.216121 0.226927 0.237733 0.248539 0.259345 0.270151 0.280957 0.291763 0.302569 0.313375 
0.010467 0.020935 0.031402 0.041869 0.052337 0.062804 0.073271 0.083739 0.094206 0.104673 0.115141 0.125608 0.136075 0.146542 0.157010 0.167477 0.177944 0.188412 0.198879 0.209346 0.219814 0.230281 0.240748 0.251216 0.261683 0.272150 0.282618 0.293085 0.303552 
0.010124 0.020249 0.030373 0.040498 0.050622 0.060746 0.070871 0.080995 0.091120 0.101244 0.111368 0.121493 0.131617 0.141742 0.151866 0.161990 0.172115 0.182239 0.192364 0.202488 0.212613 0.222737 0.232861 0.242986 0.253110 0.263235 0.273359 0.283483 0.293608 
0.009777 0.019555 0.029332 0.039110 0.048887 0.058665 0.068442 0.078220 0.087997 0.097774 0.107552 0.117329 0.127107 0.136884 0.146662 0.156439 0.166217 0.175994 0.185771 0.195549 0.205326 0.215104 0.224881 0.234659 0.244436 0.254213 0.263991 0.273768 0.283546 
0.009427 0.018853 0.028280 0.037706 0.047133 0.056559 0.065986 0.075413 0.084839 0.094266 0.103692 0.113119 0.122545 0.131972 0.141399 0.150825 0.160252 0.169678 0.179105 0.188531 0.197958 0.207384 0.216811 0.226238 0.235664 0.245091 0.254517 0.263944 0.273370 
0.009072 0.018144 0.027216 0.036288 0.045360 0.054432 0.063503 0.072575 0.081647 0.090719 0.099791 0.108863 0.117935 0.127007 0.136079 0.145151 0.154223 0.163295 0.172367 0.181438 0.190510 0.199582 0.208654 0.217726 0.226798 0.235870 0.244942 0.254014 0.263086 
0.008714 0.017427 0.026141 0.034855 0.043568 0.052282 0.060996 0.069709 0.078423 0.087136 0.095850 0.104564 0.113277 0.121991 0.130705 0.139418 0.148132 0.156846 0.165559 0.174273 0.182987 0.191700 0.200414 0.209128 0.217841 0.226555 0.235269 0.243982 0.252696 
0.008352 0.016704 0.025056 0.033408 0.041759 0.050111 0.058463 0.066815 0.075167 0.083519 0.091871 0.100223 0.108575 0.116926 0.125278 0.133630 0.141982 0.150334 0.158686 0.167038 0.175390 0.183742 0.192093 0.200445 0.208797 0.217149 0.225501 0.233853 0.242205 0.250557 
0.007987 0.015974 0.023960 0.031947 0.039934 0.047921 0.055908 0.063894 0.071881 0.079868 0.087855 0.095841 0.103828 0.111815 0.119802 0.127789 0.135775 0.143762 0.151749 0.159736 0.167723 0.175709 0.183696 0.191683 0.199670 0.207657 0.215643 0.223630 0.231617 0.239604 
0.007618 0.015237 0.022855 0.030474 0.038092 0.045711 0.053329 0.060948 0.068566 0.076185 0.083803 0.091422 0.099040 0.106659 0.114277 0.121896 0.129514 0.137133 0.144751 0.152370 0.159988 0.167607 0.175225 0.182844 0.190462 0.198081 0.205699 0.213318 0.220936 0.228555 
0.007247 0.014494 0.021741 0.028989 0.036236 0.043483 0.050730 0.057977 0.065224 0.072472 0.079719 0.086966 0.094213 0.101460 0.108707 0.115954 0.123202 0.130449 0.137696 0.144943 0.152190 0.159437 0.166685 0.173932 0.181179 0.188426 0.195673 0.202920 0.210167 0.217415 
0.006873 0.013746 0.020619 0.027492 0.034365 0.041237 0.048110 0.054983 0.061856 0.068729 0.075602 0.082475 0.089348 0.096221 0.103094 0.109967 0.116840 0.123712 0.130585 0.137458 0.144331 0.151204 0.158077 0.164950 0.171823 0.178696 0.185569 0.192442 0.199315 0.206187 0.213060 
0.006496 0.012992 0.019488 0.025984 0.032480 0.038976 0.045471 0.051967 0.058463 0.064959 0.071455 0.077951 0.084447 0.090943 0.097439 0.103935 0.110431 0.116927 0.123423 0.129919 0.136414 0.142910 0.149406 0.155902 0.162398 0.168894 0.175390 0.181886 0.188382 0.194878 0.201374 
0.006116 0.012233 0.018349 0.024465 0.030582 0.036698 0.042814 0.048931 0.055047 0.061163 0.067280 0.073396 0.079512 0.085629 0.091745 0.097861 0.103978 0.110094 0.116210 0.122327 0.128443 0.134559 0.140676 0.146792 0.152908 0.159025 0.165141 0.171257 0.177374 0.183490 0.189606 
0.005734 0.011469 0.017203 0.022937 0.028672 0.034406 0.040140 0.045874 0.051609 0.057343 0.063077 0.068812 0.074546 0.080280 0.086015 0.091749 0.097483 0.103217 0.108952 0.114686 0.120420 0.126155 0.131889 0.137623 0.143358 0.149092 0.154826 0.160561 0.166295 0.172029 0.177763 0.183498 
0.005350 0.010700 0.016050 0.021400 0.026750 0.032100 0.037450 0.042800 0.048150 0.053500 0.058850 0.064200 0.069550 0.074900 0.080250 0.085600 0.090950 0.096300 0.101650 0.107000 0.112350 0.117699 0.123049 0.128399 0.133749 0.139099 0.144449 0.149799 0.155149 0.160499 0.165849 0.171199 
0.004964 0.009927 0.014891 0.019854 0.024818 0.029781 0.034745 0.039708 0.044672 0.049635 0.054599 0.059562 0.064526 0.069489 0.074453 0.079416 0.084380 0.089343 0.094307 0.099270 0.104234 0.109197 0.114161 0.119124 0.124088 0.129051 0.134015 0.138978 0.143942 0.148905 0.153869 0.158832 
0.004575 0.009150 0.013725 0.018300 0.022875 0.027450 0.032025 0.036600 0.041176 0.045751 0.050326 0.054901 0.059476 0.064051 0.068626 0.073201 0.077776 0.082351 0.086926 0.091501 0.096076 0.100651 0.105226 0.109801 0.114376 0.118951 0.123527 0.128102 0.132677 0.137252 0.141827 0.146402 0.150977 
0.004185 0.008370 0.012554 0.016739 0.020924 0.025109 0.029293 0.033478 0.037663 0.041848 0.046033 0.050217 0.054402 0.058587 0.062772 0.066956 0.071141 0.075326 0.079511 0.083695 0.087880 0.092065 0.096250 0.100435 0.104619 0.108804 0.112989 0.117174 0.121358 0.125543 0.129728 0.133913 0.138098 
0.003793 0.007586 0.011378 0.015171 0.018964 0.022757 0.026550 0.030343 0.034135 0.037928 0.041721 0.045514 0.049307 0.053099 0.056892 0.060685 0.064478 0.068271 0.072064 0.075856 0.079649 0.083442 0.087235 0.091028 0.094820 0.098613 0.102406 0.106199 0.109992 0.113784 0.117577 0.121370 0.125163 0.128956 
0.003399 0.006799 0.010198 0.013597 0.016997 0.020396 0.023795 0.027195 0.030594 0.033993 0.037393 0.040792 0.044191 0.047591 0.050990 0.054389 0.057789 0.061188 0.064588 0.067987 0.071386 0.074786 0.078185 0.081584 0.084984 0.088383 0.091782 0.095182 0.098581 0.101980 0.105380 0.108779 0.112178 0.115578 
0.003005 0.006009 0.009014 0.012018 0.015023 0.018027 0.021032 0.024036 0.027041 0.030045 0.033050 0.036054 0.039059 0.042063 0.045068 0.048072 0.051077 0.054081 0.057086 0.060090 0.063095 0.066099 0.069104 0.072108 0.075113 0.078117 0.081122 0.084126 0.087131 0.090135 0.093140 0.096144 0.099149 0.102153 0.105158 
0.002608 0.005217 0.007825 0.010434 0.013042 0.015651 0.018259 0.020868 0.023476 0.026085 0.028693 0.031302 0.033910 0.036519 0.039127 0.041736 0.044344 0.046953 0.049561 0.052169 0.054778 0.057386 0.059995 0.062603 0.065212 0.067820 0.070429 0.073037 0.075646 0.078254 0.080863 0.083471 0.086080 0.088688 0.091297 
0.002211 0.004423 0.006634 0.008846 0.011057 0.013268 0.015480 0.017691 0.019903 0.022114 0.024325 0.026537 0.028748 0.030960 0.033171 0.035382 0.037594 0.039805 0.042017 0.044228 0.046439 0.048651 0.050862 0.053073 0.055285 0.057496 0.059708 0.061919 0.064130 0.066342 0.068553 0.070765 0.072976 0.075187 0.077399 0.079610 
0.001813 0.003627 0.005440 0.007254 0.009067 0.010881 0.012694 0.014507 0.016321 0.018134 0.019948 0.021761 0.023575 0.025388 0.027201 0.029015 0.030828 0.032642 0.034455 0.036269 0.038082 0.039896 0.041709 0.043522 0.045336 0.047149 0.048963 0.050776 0.052590 0.054403 0.056216 0.058030 0.059843 0.061657 0.063470 0.065284 0.067097 
0.001415 0.002829 0.004244 0.005659 0.007074 0.008488 0.009903 0.011318 0.012733 0.014147 0.015562 0.016977 0.018392 0.019806 0.021221 0.022636 0.024051 0.025465 0.026880 0.028295 0.029710 0.031124 0.032539 0.033954 0.035369 0.036783 0.038198 0.039613 0.041028 0.042442 0.043857 0.045272 0.046687 0.048101 0.049516 0.050931 0.052346 0.053760 
0.001015 0.002031 0.003046 0.004062 0.005077 0.006093 0.007108 0.008124 0.009139 0.010155 0.011170 0.012186 0.013201 0.014217 0.015232 0.016248 0.017263 0.018279 0.019294 0.020310 0.021325 0.022341 0.023356 0.024372 0.025387 0.026403 0.027418 0.028434 0.029449 0.030465 0.031480 0.032496 0.033511 0.034527 0.035542 0.036558 0.037573 0.038589 0.039604 
0.000616 0.001232 0.001847 0.002463 0.003079 0.003695 0.004311 0.004927 0.005542 0.006158 0.006774 0.007390 0.008006 0.008622 0.009237 0.009853 0.010469 0.011085 0.011701 0.012317 0.012932 0.013548 0.014164 0.014780 0.015396 0.016012 0.016627 0.017243 0.017859 0.018475 0.019091 0.019707 0.020322 0.020938 0.021554 0.022170 0.022786 0.023402 0.024017 0.024633 
0.000216 0.000432 0.000648 0.000864 0.001080 0.001296 0.001511 0.001727 0.001943 0.002159 0.002375 0.002591 0.002807 0.003023 0.003239 0.003455 0.003671 0.003887 0.004103 0.004318 0.004534 0.004750 0.004966 0.005182 0.005398 0.005614 0.005830 0.006046 0.006262 0.006478 0.006694 0.006910 0.007125 0.007341 0.007557 0.007773 0.007989 0.008205 0.008421 0.008637 
-0.000184 -0.000368 -0.000552 -0.000736 -0.000920 -0.001104 -0.001288 -0.001473 -0.001657 -0.001841 -0.002025 -0.002209 -0.002393 -0.002577 -0.002761 -0.002945 -0.003129 -0.003313 -0.003497 -0.003681 -0.003865 -0.004050 -0.004234 -0.004418 -0.004602 -0.004786 -0.004970 -0.005154 -0.005338 -0.005522 -0.005706 -0.005890 -0.006074 -0.006258 -0.006442 -0.006627 -0.006811 -0.006995 -0.007179 
-0.000584 -0.001168 -0.001752 -0.002336 -0.002920 -0.003504 -0.004088 -0.004672 -0.005256 -0.005840 -0.006424 -0.007008 -0.007592 -0.008176 -0.008760 -0.009344 -0.009928 -0.010512 -0.011096 -0.011680 -0.012264 -0.012848 -0.013432 -0.014016 -0.014600 -0.015184 -0.015768 -0.016352 -0.016936 -0.017520 -0.018104 -0.018688 -0.019272 -0.019856 -0.020440 -0.021024 -0.021608 -0.022192 -0.022776 
-0.000984 -0.001967 -0.002951 -0.003935 -0.004918 -0.005902 -0.006886 -0.007869 -0.008853 -0.009837 -0.010820 -0.011804 -0.012788 -0.013771 -0.014755 -0.015739 -0.016722 -0.017706 -0.018690 -0.019674 -0.020657 -0.021641 -0.022625 -0.023608 -0.024592 -0.025576 -0.026559 -0.027543 -0.028527 -0.029510 -0.030494 -0.031478 -0.032461 -0.033445 -0.034429 -0.035412 -0.036396 -0.037380 
-0.001383 -0.002766 -0.004149 -0.005532 -0.006915 -0.008298 -0.009681 -0.011064 -0.012447 -0.013830 -0.015213 -0.016596 -0.017979 -0.019362 -0.020745 -0.022128 -0.023510 -0.024893 -0.026276 -0.027659 -0.029042 -0.030425 -0.031808 -0.033191 -0.034574 -0.035957 -0.037340 -0.038723 -0.040106 -0.041489 -0.042872 -0.044255 -0.045638 -0.047021 -0.048404 -0.049787 -0.051170 
-0.001782 -0.003563 -0.005345 -0.007127 -0.008909 -0.010690 -0.012472 -0.014254 -0.016035 -0.017817 -0.019599 -0.021381 -0.023162 -0.024944 -0.026726 -0.028507 -0.030289 -0.032071 -0.033852 -0.035634 -0.037416 -0.039198 -0.040979 -0.042761 -0.044543 -0.046324 -0.048106 -0.049888 -0.051670 -0.053451 -0.055233 -0.057015 -0.058796 -0.060578 -0.062360 -0.064142 
-0.002180 -0.004359 -0.006539 -0.008719 -0.010899 -0.013078 -0.015258 -0.017438 -0.019618 -0.021797 -0.023977 -0.026157 -0.028337 -0.030516 -0.032696 -0.034876 -0.037055 -0.039235 -0.041415 -0.043595 -0.045774 -0.047954 -0.050134 -0.052314 -0.054493 -0.056673 -0.058853 -0.061033 -0.063212 -0.065392 -0.067572 -0.069752 -0.071931 -0.074111 -0.076291 -0.078470 
-0.002577 -0.005154 -0.007731 -0.010308 -0.012884 -0.015461 -0.018038 -0.020615 -0.023192 -0.025769 -0.028346 -0.030923 -0.033500 -0.036076 -0.038653 -0.041230 -0.043807 -0.046384 -0.048961 -0.051538 -0.054115 -0.056692 -0.059268 -0.061845 -0.064422 -0.066999 -0.069576 -0.072153 -0.074730 -0.077307 -0.079884 -0.082460 -0.085037 -0.087614 -0.090191 
-0.002973 -0.005946 -0.008919 -0.011892 -0.014865 -0.017838 -0.020811 -0.023784 -0.026757 -0.029730 -0.032703 -0.035676 -0.038649 -0.041622 -0.044595 -0.047568 -0.050541 -0.053514 -0.056487 -0.059460 -0.062433 -0.065406 -0.068379 -0.071352 -0.074325 -0.077298 -0.080271 -0.083244 -0.086217 -0.089190 -0.092163 -0.095136 -0.098109 -0.101082 
-0.003368 -0.006736 -0.010104 -0.013472 -0.016840 -0.020208 -0.023576 -0.026944 -0.030312 -0.033679 -0.037047 -0.040415 -0.043783 -0.047151 -0.050519 -0.053887 -0.057255 -0.060623 -0.063991 -0.067359 -0.070727 -0.074095 -0.077463 -0.080831 -0.084199 -0.087567 -0.090935 -0.094303 -0.097671 -0.101038 -0.104406 -0.107774 -0.111142 -0.114510 
-0.003762 -0.007523 -0.011285 -0.015046 -0.018808 -0.022569 -0.026331 -0.030092 -0.033854 -0.037615 -0.041377 -0.045138 -0.048900 -0.052662 -0.056423 -0.060185 -0.063946 -0.067708 -0.071469 -0.075231 -0.078992 -0.082754 -0.086515 -0.090277 -0.094038 -0.097800 -0.101561 -0.105323 -0.109085 -0.112846 -0.116608 -0.120369 -0.124131 
-0.004154 -0.008307 -0.012461 -0.016614 -0.020768 -0.024922 -0.029075 -0.033229 -0.037383 -0.041536 -0.045690 -0.049843 -0.053997 -0.058151 -0.062304 -0.066458 -0.070612 -0.074765 -0.078919 -0.083072 -0.087226 -0.091380 -0.095533 -0.099687 -0.103841 -0.107994 -0.112148 -0.116301 -0.120455 -0.124609 -0.128762 -0.132916 -0.137069 
-0.004544 -0.009088 -0.013632 -0.018176 -0.022720 -0.027264 -0.031808 -0.036352 -0.040896 -0.045440 -0.049984 -0.054529 -0.059073 -0.063617 -0.068161 -0.072705 -0.077249 -0.081793 -0.086337 -0.090881 -0.095425 -0.099969 -0.104513 -0.109057 -0.113601 -0.118145 -0.122689 -0.127233 -0.131777 -0.136321 -0.140865 -0.145409 
-0.004933 -0.009865 -0.014798 -0.019731 -0.024663 -0.029596 -0.034529 -0.039461 -0.044394 -0.049326 -0.054259 -0.059192 -0.064124 -0.069057 -0.073990 -0.078922 -0.083855 -0.088788 -0.093720 -0.098653 -0.103586 -0.108518 -0.113451 -0.118384 -0.123316 -0.128249 -0.133181 -0.138114 -0.143047 -0.147979 -0.152912 -0.157845 
-0.005319 -0.010639 -0.015958 -0.021277 -0.026596 -0.031916 -0.037235 -0.042554 -0.047873 -0.053193 -0.058512 -0.063831 -0.069151 -0.074470 -0.079789 -0.085108 -0.090428 -0.095747 -0.101066 -0.106386 -0.111705 -0.117024 -0.122343 -0.127663 -0.132982 -0.138301 -0.143620 -0.148940 -0.154259 -0.159578 -0.164898 -0.170217 
-0.005704 -0.011408 -0.017111 -0.022815 -0.028519 -0.034223 -0.039926 -0.045630 -0.051334 -0.057038 -0.062742 -0.068445 -0.074149 -0.079853 -0.085557 -0.091260 -0.096964 -0.102668 -0.108372 -0.114076 -0.119779 -0.125483 -0.131187 -0.136891 -0.142595 -0.148298 -0.154002 -0.159706 -0.165410 -0.171113 -0.176817 
-0.006086 -0.012172 -0.018258 -0.024344 -0.030430 -0.036516 -0.042602 -0.048688 -0.054774 -0.060860 -0.066946 -0.073032 -0.079118 -0.085204 -0.091290 -0.097376 -0.103462 -0.109548 -0.115634 -0.121720 -0.127806 -0.133892 -0.139978 -0.146064 -0.152150 -0.158236 -0.164322 -0.170408 -0.176494 -0.182580 -0.188666 
-0.006466 -0.012932 -0.019397 -0.025863 -0.032329 -0.038795 -0.045261 -0.051726 -0.058192 -0.064658 -0.071124 -0.077589 -0.084055 -0.090521 -0.096987 -0.103453 -0.109918 -0.116384 -0.122850 -0.129316 -0.135782 -0.142247 -0.148713 -0.155179 -0.161645 -0.168111 -0.174576 -0.181042 -0.187508 -0.193974 -0.200440 
-0.006843 -0.013686 -0.020529 -0.027372 -0.034215 -0.041058 -0.047901 -0.054744 -0.061587 -0.068430 -0.075273 -0.082116 -0.088959 -0.095802 -0.102645 -0.109488 -0.116331 -0.123174 -0.130017 -0.136860 -0.143703 -0.150546 -0.157389 -0.164232 -0.171075 -0.177918 -0.184761 -0.191604 -0.198447 -0.205290 
-0.007217 -0.014435 -0.021652 -0.028870 -0.036087 -0.043305 -0.050522 -0.057740 -0.064957 -0.072175 -0.079392 -0.086609 -0.093827 -0.101044 -0.108262 -0.115479 -0.122697 -0.129914 -0.137132 -0.144349 -0.151567 -0.158784 -0.166002 -0.173219 -0.180436 -0.187654 -0.194871 -0.202089 -0.209306 -0.216524 
-0.007589 -0.015178 -0.022767 -0.030356 -0.037945 -0.045534 -0.053123 -0.060712 -0.068301 -0.075890 -0.083479 -0.091068 -0.098657 -0.106246 -0.113836 -0.121425 -0.129014 -0.136603 -0.144192 -0.151781 -0.159370 -0.166959 -0.174548 -0.182137 -0.189726 -0.197315 -0.204904 -0.212493 -0.220082 -0.227671 
-0.007958 -0.015915 -0.023873 -0.031830 -0.039788 -0.047745 -0.055703 -0.063661 -0.071618 -0.079576 -0.087533 -0.095491 -0.103449 -0.111406 -0.119364 -0.127321 -0.135279 -0.143236 -0.151194 -0.159152 -0.167109 -0.175067 -0.183024 -0.190982 -0.198939 -0.206897 -0.214855 -0.222812 -0.230770 -0.238727 
-0.008323 -0.016646 -0.024969 -0.033292 -0.041615 -0.049938 -0.058261 -0.066583 -0.074906 -0.083229 -0.091552 -0.099875 -0.108198 -0.116521 -0.124844 -0.133167 -0.141490 -0.149813 -0.158136 -0.166459 -0.174782 -0.183105 -0.191428 -0.199750 -0.208073 -0.216396 -0.224719 -0.233042 -0.241365 
-0.008685 -0.017370 -0.026055 -0.034740 -0.043425 -0.052110 -0.060795 -0.069480 -0.078165 -0.086850 -0.095535 -0.104220 -0.112905 -0.121590 -0.130275 -0.138959 -0.147644 -0.156329 -0.165014 -0.173699 -0.182384 -0.191069 -0.199754 -0.208439 -0.217124 -0.225809 -0.234494 -0.243179 -0.251864 
-0.009044 -0.018087 -0.027131 -0.036174 -0.045218 -0.054261 -0.063305 -0.072348 -0.081392 -0.090435 -0.099479 -0.108522 -0.117566 -0.126609 -0.135653 -0.144696 -0.153740 -0.162783 -0.171827 -0.180870 -0.189914 -0.198958 -0.208001 -0.217045 -0.226088 -0.235132 -0.244175 -0.253219 -0.262262 
-0.009398 -0.018797 -0.028195 -0.037594 -0.046992 -0.056391 -0.065789 -0.075188 -0.084586 -0.093985 -0.103383 -0.112782 -0.122180 -0.131578 -0.140977 -0.150375 -0.159774 -0.169172 -0.178571 -0.187969 -0.197368 -0.206766 -0.216165 -0.225563 -0.234962 -0.244360 -0.253758 -0.263157 -0.272555 
-0.009750 -0.019499 -0.029249 -0.038999 -0.048748 -0.058498 -0.068247 -0.077997 -0.087747 -0.097496 -0.107246 -0.116996 -0.126745 -0.136495 -0.146245 -0.155994 -0.165744 -0.175494 -0.185243 -0.194993 -0.204742 -0.214492 -0.224242 -0.233991 -0.243741 -0.253491 -0.263240 -0.272990 -0.282740 
-0.010097 -0.020194 -0.030291 -0.040388 -0.050485 -0.060582 -0.070678 -0.080775 -0.090872 -0.100969 -0.111066 -0.121163 -0.131260 -0.141357 -0.151454 -0.161551 -0.171648 -0.181745 -0.191842 -0.201938 -0.212035 -0.222132 -0.232229 -0.242326 -0.252423 -0.262520 -0.272617 -0.282714 -0.292811 
-0.010440 -0.020880 -0.031320 -0.041761 -0.052201 -0.062641 -0.073081 -0.083521 -0.093961 -0.104402 -0.114842 -0.125282 -0.135722 -0.146162 -0.156602 -0.167043 -0.177483 -0.187923 -0.198363 -0.208803 -0.219243 -0.229684 -0.240124 -0.250564 -0.261004 -0.271444 -0.281884 -0.292325 -0.302765 
-0.010779 -0.021558 -0.032338 -0.043117 -0.053896 -0.064675 -0.075455 -0.086234 -0.097013 -0.107792 -0.118572 -0.129351 -0.140130 -0.150909 -0.161688 -0.172468 -0.183247 -0.194026 -0.204805 -0.215585 -0.226364 -0.237143 -0.247922 -0.258701 -0.269481 -0.280260 -0.291039 -0.301818 -0.312598 
-0.011114 -0.022228 -0.033342 -0.044456 -0.055570 -0.066684 -0.077798 -0.088912 -0.100026 -0.111140 -0.122254 -0.133368 -0.144482 -0.155596 -0.166710 -0.177824 -0.188938 -0.200052 -0.211166 -0.222280 -0.233394 -0.244508 -0.255622 -0.266736 -0.277850 -0.288964 -0.300078 -0.311192 
-0.011444 -0.022889 -0.034333 -0.045777 -0.057221 -0.068666 -0.080110 -0.091554 -0.102999 -0.114443 -0.125887 -0.137331 -0.148776 -0.160220 -0.171664 -0.183109 -0.194553 -0.205997 -0.217442 -0.228886 -0.240330 -0.251774 -0.263219 -0.274663 -0.286107 -0.297552 -0.308996 -0.320440 
-0.011770 -0.023540 -0.035310 -0.047080 -0.058850 -0.070620 -0.082390 -0.094160 -0.105930 -0.117700 -0.129470 -0.141240 -0.153010 -0.164780 -0.176550 -0.188320 -0.200090 -0.211860 -0.223630 -0.235400 -0.247170 -0.258940 -0.270711 -0.282481 -0.294251 -0.306021 -0.317791 -0.329561 
-0.012091 -0.024182 -0.036273 -0.048364 -0.060455 -0.072546 -0.084637 -0.096728 -0.108819 -0.120910 -0.133001 -0.145093 -0.157184 -0.169275 -0.181366 -0.193457 -0.205548 -0.217639 -0.229730 -0.241821 -0.253912 -0.266003 -0.278094 -0.290185 -0.302276 -0.314367 -0.326458 -0.338549 
-0.012407 -0.024814 -0.037222 -0.049629 -0.062036 -0.074443 -0.086851 -0.099258 -0.111665 -0.124072 -0.136480 -0.148887 -0.161294 -0.173701 -0.186108 -0.198516 -0.210923 -0.223330 -0.235737 -0.248145 -0.260552 -0.272959 -0.285366 -0.297774 -0.310181 -0.322588 -0.334995 -0.347403 
-0.012718 -0.025437 -0.038155 -0.050874 -0.063592 -0.076311 -0.089029 -0.101748 -0.114466 -0.127185 -0.139903 -0.152621 -0.165340 -0.178058 -0.190777 -0.203495 -0.216214 -0.228932 -0.241651 -0.254369 -0.267088 -0.279806 -0.292524 -0.305243 -0.317961 -0.330680 -0.343398 -0.356117 
-0.013025 -0.026049 -0.039074 -0.052098 -0.065123 -0.078148 -0.091172 -0.104197 -0.117221 -0.130246 -0.143271 -0.156295 -0.169320 -0.182344 -0.195369 -0.208393 -0.221418 -0.234443 -0.247467 -0.260492 -0.273516 -0.286541 -0.299566 -0.312590 -0.325615 -0.338639 -0.351664 -0.364689 
-0.013326 -0.026651 -0.039977 -0.053302 -0.066628 -0.079953 -0.093279 -0.106604 -0.119930 -0.133255 -0.146581 -0.159906 -0.173232 -0.186557 -0.199883 -0.213208 -0.226534 -0.239859 -0.253185 -0.266510 -0.279836 -0.293161 -0.306487 -0.319812 -0.333138 -0.346464 -0.359789 -0.373115 
-0.013621 -0.027242 -0.040863 -0.054484 -0.068106 -0.081727 -0.095348 -0.108969 -0.122590 -0.136211 -0.149832 -0.163453 -0.177075 -0.190696 -0.204317 -0.217938 -0.231559 -0.245180 -0.258801 -0.272422 -0.286043 -0.299665 -0.313286 -0.326907 -0.340528 -0.354149 -0.367770 -0.381391 
-0.013911 -0.027823 -0.041734 -0.055645 -0.069556 -0.083468 -0.097379 -0.111290 -0.125201 -0.139113 -0.153024 -0.166935 -0.180846 -0.194758 -0.208669 -0.222580 -0.236492 -0.250403 -0.264314 -0.278225 -0.292137 -0.306048 -0.319959 -0.333870 -0.347782 -0.361693 -0.375604 -0.389515 
-0.014196 -0.028392 -0.042588 -0.056783 -0.070979 -0.085175 -0.099371 -0.113567 -0.127763 -0.141959 -0.156154 -0.170350 -0.184546 -0.198742 -0.212938 -0.227134 -0.241329 -0.255525 -0.269721 -0.283917 -0.298113 -0.312309 -0.326505 -0.340700 -0.354896 -0.369092 -0.383288 -0.397484 
-0.014475 -0.028950 -0.043424 -0.057899 -0.072374 -0.086849 -0.101323 -0.115798 -0.130273 -0.144748 -0.159222 -0.173697 -0.188172 -0.202647 -0.217121 -0.231596 -0.246071 -0.260546 -0.275020 -0.289495 -0.303970 -0.318445 -0.332919 -0.347394 -0.361869 -0.376344 -0.390818 -0.405293 
-0.014748 -0.029496 -0.044244 -0.058991 -0.073739 -0.088487 -0.103235 -0.117983 -0.132731 -0.147479 -0.162227 -0.176974 -0.191722 -0.206470 -0.221218 -0.235966 -0.250714 -0.265462 -0.280210 -0.294957 -0.309705 -0.324453 -0.339201 -0.353949 -0.368697 -0.383445 -0.398193 -0.412940 -0.427688 
-0.015015 -0.030030 -0.045045 -0.060060 -0.075075 -0.090091 -0.105106 -0.120121 -0.135136 -0.150151 -0.165166 -0.180181 -0.195196 -0.210211 -0.225226 -0.240241 -0.255257 -0.270272 -0.285287 -0.300302 -0.315317 -0.330332 -0.345347 -0.360362 -0.375377 -0.390392 -0.405407 -0.420423 -0.435438 
-0.015276 -0.030553 -0.045829 -0.061105 -0.076382 -0.091658 -0.106934 -0.122210 -0.137487 -0.152763 -0.168039 -0.183316 -0.198592 -0.213868 -0.229145 -0.244421 -0.259697 -0.274973 -0.290250 -0.305526 -0.320802 -0.336079 -0.351355 -0.366631 -0.381908 -0.397184 -0.412460 -0.427737 -0.443013 
-0.015531 -0.031063 -0.046594 -0.062126 -0.077657 -0.093188 -0.108720 -0.124251 -0.139783 -0.155314 -0.170845 -0.186377 -0.201908 -0.217440 -0.232971 -0.248502 -0.264034 -0.279565 -0.295097 -0.310628 -0.326160 -0.341691 -0.357222 -0.372754 -0.388285 -0.403817 -0.419348 -0.434879 -0.450411 
-0.015780 -0.031561 -0.047341 -0.063121 -0.078901 -0.094682 -0.110462 -0.126242 -0.142023 -0.157803 -0.173583 -0.189364 -0.205144 -0.220924 -0.236704 -0.252485 -0.268265 -0.284045 -0.299826 -0.315606 -0.331386 -0.347166 -0.362947 -0.378727 -0.394507 -0.410288 -0.426068 -0.441848 -0.457629 
-0.016023 -0.032046 -0.048069 -0.064091 -0.080114 -0.096137 -0.112160 -0.128183 -0.144206 -0.160229 -0.176252 -0.192274 -0.208297 -0.224320 -0.240343 -0.256366 -0.272389 -0.288412 -0.304435 -0.320457 -0.336480 -0.352503 -0.368526 -0.384549 -0.400572 -0.416595 -0.432618 -0.448640 -0.464663 
-0.016259 -0.032518 -0.048777 -0.065036 -0.081295 -0.097554 -0.113813 -0.130072 -0.146331 -0.162590 -0.178849 -0.195108 -0.211368 -0.227627 -0.243886 -0.260145 -0.276404 -0.292663 -0.308922 -0.325181 -0.341440 -0.357699 -0.373958 -0.390217 -0.406476 -0.422735 -0.438994 -0.455253 -0.471512 
-0.016489 -0.032977 -0.049466 -0.065955 -0.082444 -0.098932 -0.115421 -0.131910 -0.148398 -0.164887 -0.181376 -0.197864 -0.214353 -0.230842 -0.247331 -0.263819 -0.280308 -0.296797 -0.313285 -0.329774 -0.346263 -0.362752 -0.379240 -0.395729 -0.412218 -0.428706 -0.445195 -0.461684 -0.478172 -0.494661 
-0.016712 -0.033424 -0.050135 -0.066847 -0.083559 -0.100271 -0.116982 -0.133694 -0.150406 -0.167118 -0.183830 -0.200541 -0.217253 -0.233965 -0.250677 -0.267388 -0.284100 -0.300812 -0.317524 -0.334236 -0.350947 -0.367659 -0.384371 -0.401083 -0.417794 -0.434506 -0.451218 -0.467930 -0.484641 -0.501353 
-0.016928 -0.033856 -0.050784 -0.067713 -0.084641 -0.101569 -0.118497 -0.135425 -0.152353 -0.169282 -0.186210 -0.203138 -0.220066 -0.236994 -0.253922 -0.270851 -0.287779 -0.304707 -0.321635 -0.338563 -0.355491 -0.372420 -0.389348 -0.406276 -0.423204 -0.440132 -0.457060 -0.473989 -0.490917 -0.507845 
-0.017138 -0.034276 -0.051413 -0.068551 -0.085689 -0.102827 -0.119964 -0.137102 -0.154240 -0.171378 -0.188516 -0.205653 -0.222791 -0.239929 -0.257067 -0.274204 -0.291342 -0.308480 -0.325618 -0.342756 -0.359893 -0.377031 -0.394169 -0.411307 -0.428444 -0.445582 -0.462720 -0.479858 -0.496995 -0.514133 
-0.017341 -0.034681 -0.052022 -0.069362 -0.086703 -0.104043 -0.121384 -0.138724 -0.156065 -0.173405 -0.190746 -0.208086 -0.225427 -0.242767 -0.260108 -0.277449 -0.294789 -0.312130 -0.329470 -0.346811 -0.364151 -0.381492 -0.398832 -0.416173 -0.433513 -0.450854 -0.468194 -0.485535 -0.502875 -0.520216 
-0.017536 -0.035073 -0.052609 -0.070145 -0.087682 -0.105218 -0.122755 -0.140291 -0.157827 -0.175364 -0.192900 -0.210436 -0.227973 -0.245509 -0.263045 -0.280582 -0.298118 -0.315654 -0.333191 -0.350727 -0.368264 -0.385800 -0.403336 -0.420873 -0.438409 -0.455945 -0.473482 -0.491018 -0.508554 -0.526091 -0.543627 
-0.017725 -0.035450 -0.053176 -0.070901 -0.088626 -0.106351 -0.124076 -0.141801 -0.159527 -0.177252 -0.194977 -0.212702 -0.230427 -0.248152 -0.265878 -0.283603 -0.301328 -0.319053 -0.336778 -0.354503 -0.372229 -0.389954 -0.407679 -0.425404 -0.443129 -0.460854 -0.478580 -0.496305 -0.514030 -0.531755 -0.549480 
-0.017907 -0.035814 -0.053721 -0.071628 -0.089534 -0.107441 -0.125348 -0.143255 -0.161162 -0.179069 -0.196976 -0.214883 -0.232790 -0.250696 -0.268603 -0.286510 -0.304417 -0.322324 -0.340231 -0.358138 -0.376045 -0.393951 -0.411858 -0.429765 -0.447672 -0.465579 -0.483486 -0.501393 -0.519300 -0.537207 -0.555113 
-0.018081 -0.036163 -0.054244 -0.072326 -0.090407 -0.108489 -0.126570 -0.144652 -0.162733 -0.180814 -0.198896 -0.216977 -0.235059 -0.253140 -0.271222 -0.289303 -0.307385 -0.325466 -0.343547 -0.361629 -0.379710 -0.397792 -0.415873 -0.433955 -0.452036 -0.470118 -0.488199 -0.506280 -0.524362 -0.542443 -0.560525 -0.578606 
-0.018249 -0.036498 -0.054746 -0.072995 -0.091244 -0.109493 -0.127741 -0.145990 -0.164239 -0.182488 -0.200736 -0.218985 -0.237234 -0.255483 -0.273732 -0.291980 -0.310229 -0.328478 -0.346727 -0.364975 -0.383224 -0.401473 -0.419722 -0.437970 -0.456219 -0.474468 -0.492717 -0.510965 -0.529214 -0.547463 -0.565712 -0.583961 
-0.018409 -0.036818 -0.055226 -0.073635 -0.092044 -0.110453 -0.128862 -0.147270 -0.165679 -0.184088 -0.202497 -0.220906 -0.239314 -0.257723 -0.276132 -0.294541 -0.312949 -0.331358 -0.349767 -0.368176 -0.386585 -0.404993 -0.423402 -0.441811 -0.460220 -0.478629 -0.497037 -0.515446 -0.533855 -0.552264 -0.570673 -0.589081 
-0.018561 -0.037123 -0.055684 -0.074246 -0.092807 -0.111369 -0.129930 -0.148492 -0.167053 -0.185615 -0.204176 -0.222737 -0.241299 -0.259860 -0.278422 -0.296983 -0.315545 -0.334106 -0.352668 -0.371229 -0.389791 -0.408352 -0.426913 -0.445475 -0.464036 -0.482598 -0.501159 -0.519721 -0.538282 -0.556844 -0.575405 -0.593967 -0.612528 
-0.018707 -0.037413 -0.056120 -0.074827 -0.093533 -0.112240 -0.130947 -0.149654 -0.168360 -0.187067 -0.205774 -0.224480 -0.243187 -0.261894 -0.280600 -0.299307 -0.318014 -0.336720 -0.355427 -0.374134 -0.392841 -0.411547 -0.430254 -0.448961 -0.467667 -0.486374 -0.505081 -0.523787 -0.542494 -0.561201 -0.579907 -0.598614 -0.617321 
-0.018844 -0.037689 -0.056533 -0.075378 -0.094222 -0.113067 -0.131911 -0.150756 -0.169600 -0.188444 -0.207289 -0.226133 -0.244978 -0.263822 -0.282667 -0.301511 -0.320356 -0.339200 -0.358044 -0.376889 -0.395733 -0.414578 -0.433422 -0.452267 -0.471111 -0.489956 -0.508800 -0.527645 -0.546489 -0.565333 -0.584178 -0.603022 -0.621867 
-0.018975 -0.037949 -0.056924 -0.075899 -0.094873 -0.113848 -0.132823 -0.151797 -0.170772 -0.189747 -0.208721 -0.227696 -0.246671 -0.265645 -0.284620 -0.303595 -0.322569 -0.341544 -0.360519 -0.379493 -0.398468 -0.417443 -0.436417 -0.455392 -0.474367 -0.493341 -0.512316 -0.531291 -0.550265 -0.569240 -0.588215 -0.607189 -0.626164 -0.645139 
-0.019097 -0.038195 -0.057292 -0.076389 -0.095486 -0.114584 -0.133681 -0.152778 -0.171876 -0.190973 -0.210070 -0.229168 -0.248265 -0.267362 -0.286459 -0.305557 -0.324654 -0.343751 -0.362849 -0.381946 -0.401043 -0.420140 -0.439238 -0.458335 -0.477432 -0.496530 -0.515627 -0.534724 -0.553821 -0.572919 -0.592016 -0.611113 -0.630211 -0.649308 
-0.019212 -0.038425 -0.057637 -0.076849 -0.096061 -0.115274 -0.134486 -0.153698 -0.172911 -0.192123 -0.211335 -0.230547 -0.249760 -0.268972 -0.288184 -0.307397 -0.326609 -0.345821 -0.365033 -0.384246 -0.403458 -0.422670 -0.441882 -0.461095 -0.480307 -0.499519 -0.518732 -0.537944 -0.557156 -0.576368 -0.595581 -0.614793 -0.634005 -0.653218 -0.672430 
-0.019320 -0.038639 -0.057959 -0.077278 -0.096598 -0.115918 -0.135237 -0.154557 -0.173876 -0.193196 -0.212515 -0.231835 -0.251155 -0.270474 -0.289794 -0.309113 -0.328433 -0.347753 -0.367072 -0.386392 -0.405711 -0.425031 -0.444350 -0.463670 -0.482990 -0.502309 -0.521629 -0.540948 -0.560268 -0.579588 -0.598907 -0.618227 -0.637546 -0.656866 -0.676186 
-0.019419 -0.038838 -0.058257 -0.077677 -0.097096 -0.116515 -0.135934 -0.155353 -0.174772 -0.194192 -0.213611 -0.233030 -0.252449 -0.271868 -0.291287 -0.310707 -0.330126 -0.349545 -0.368964 -0.388383 -0.407802 -0.427222 -0.446641 -0.466060 -0.485479 -0.504898 -0.524317 -0.543737 -0.563156 -0.582575 -0.601994 -0.621413 -0.640832 -0.660252 -0.679671 -0.699090 
-0.019511 -0.039022 -0.058533 -0.078044 -0.097555 -0.117066 -0.136577 -0.156088 -0.175599 -0.195110 -0.214621 -0.234132 -0.253643 -0.273154 -0.292665 -0.312176 -0.331687 -0.351198 -0.370708 -0.390219 -0.409730 -0.429241 -0.448752 -0.468263 -0.487774 -0.507285 -0.526796 -0.546307 -0.565818 -0.585329 -0.604840 -0.624351 -0.643862 -0.663373 -0.682884 -0.702395 
-0.019595 -0.039190 -0.058785 -0.078380 -0.097975 -0.117570 -0.137165 -0.156760 -0.176355 -0.195950 -0.215545 -0.235140 -0.254735 -0.274330 -0.293925 -0.313520 -0.333115 -0.352710 -0.372305 -0.391900 -0.411495 -0.431090 -0.450685 -0.470279 -0.489874 -0.509469 -0.529064 -0.548659 -0.568254 -0.587849 -0.607444 -0.627039 -0.646634 -0.666229 -0.685824 -0.705419 -0.725014 
-0.019671 -0.039342 -0.059013 -0.078685 -0.098356 -0.118027 -0.137698 -0.157369 -0.177040 -0.196711 -0.216383 -0.236054 -0.255725 -0.275396 -0.295067 -0.314738 -0.334409 -0.354081 -0.373752 -0.393423 -0.413094 -0.432765 -0.452436 -0.472108 -0.491779 -0.511450 -0.531121 -0.550792 -0.570463 -0.590134 -0.609806 -0.629477 -0.649148 -0.668819 -0.688490 -0.708161 -0.727832 -0.747504 
-0.019739 -0.039479 -0.059218 -0.078958 -0.098697 -0.118437 -0.138176 -0.157916 -0.177655 -0.197394 -0.217134 -0.236873 -0.256613 -0.276352 -0.296092 -0.315831 -0.335571 -0.355310 -0.375049 -0.394789 -0.414528 -0.434268 -0.454007 -0.473747 -0.493486 -0.513226 -0.532965 -0.552704 -0.572444 -0.592183 -0.611923 -0.631662 -0.651402 -0.671141 -0.690881 -0.710620 -0.730359 -0.750099 
-0.019800 -0.039600 -0.059400 -0.079199 -0.098999 -0.118799 -0.138599 -0.158399 -0.178199 -0.197998 -0.217798 -0.237598 -0.257398 -0.277198 -0.296998 -0.316798 -0.336597 -0.356397 -0.376197 -0.395997 -0.415797 -0.435597 -0.455397 -0.475196 -0.494996 -0.514796 -0.534596 -0.554396 -0.574196 -0.593995 -0.613795 -0.633595 -0.653395 -0.673195 -0.692995 -0.712795 -0.732594 -0.752394 -0.772194 
-0.019852 -0.039705 -0.059557 -0.079409 -0.099262 -0.119114 -0.138966 -0.158819 -0.178671 -0.198523 -0.218376 -0.238228 -0.258080 -0.277933 -0.297785 -0.317637 -0.337490 -0.357342 -0.377194 -0.397047 -0.416899 -0.436751 -0.456604 -0.476456 -0.496308 -0.516161 -0.536013 -0.555865 -0.575718 -0.595570 -0.615422 -0.635275 -0.655127 -0.674979 -0.694832 -0.714684 -0.734536 -0.754389 -0.774241 -0.794093 
-0.019897 -0.039794 -0.059691 -0.079588 -0.099484 -0.119381 -0.139278 -0.159175 -0.179072 -0.198969 -0.218866 -0.238763 -0.258659 -0.278556 -0.298453 -0.318350 -0.338247 -0.358144 -0.378041 -0.397938 -0.417834 -0.437731 -0.457628 -0.477525 -0.497422 -0.517319 -0.537216 -0.557113 -0.577009 -0.596906 -0.616803 -0.636700 -0.656597 -0.676494 -0.696391 -0.716288 -0.736184 -0.756081 -0.775978 -0.795875 -0.815772 
-0.019933 -0.039867 -0.059800 -0.079734 -0.099667 -0.119601 -0.139534 -0.159468 -0.179401 -0.199335 -0.219268 -0.239202 -0.259135 -0.279068 -0.299002 -0.318935 -0.338869 -0.358802 -0.378736 -0.398669 -0.418603 -0.438536 -0.458470 -0.478403 -0.498337 -0.518270 -0.538204 -0.558137 -0.578070 -0.598004 -0.617937 -0.637871 -0.657804 -0.677738 -0.697671 -0.717605 -0.737538 -0.757472 -0.777405 -0.797339 -0.817272 
-0.019962 -0.039924 -0.059886 -0.079848 -0.099810 -0.119772 -0.139735 -0.159697 -0.179659 -0.199621 -0.219583 -0.239545 -0.259507 -0.279469 -0.299431 -0.319393 -0.339355 -0.359317 -0.379279 -0.399242 -0.419204 -0.439166 -0.459128 -0.479090 -0.499052 -0.519014 -0.538976 -0.558938 -0.578900 -0.598862 -0.618824 -0.638786 -0.658748 -0.678711 -0.698673 -0.718635 -0.738597 -0.758559 -0.778521 -0.798483 -0.818445 -0.838407 
-0.019983 -0.039965 -0.059948 -0.079931 -0.099914 -0.119896 -0.139879 -0.159862 -0.179844 -0.199827 -0.219810 -0.239792 -0.259775 -0.279758 -0.299741 -0.319723 -0.339706 -0.359689 -0.379671 -0.399654 -0.419637 -0.439619 -0.459602 -0.479585 -0.499568 -0.519550 -0.539533 -0.559516 -0.579498 -0.599481 -0.619464 -0.639446 -0.659429 -0.679412 -0.699395 -0.719377 -0.739360 -0.759343 -0.779325 -0.799308 -0.819291 -0.839274 -0.859256 
-0.019995 -0.039991 -0.059986 -0.079981 -0.099977 -0.119972 -0.139967 -0.159963 -0.179958 -0.199953 -0.219949 -0.239944 -0.259939 -0.279935 -0.299930 -0.319925 -0.339921 -0.359916 -0.379911 -0.399907 -0.419902 -0.439897 -0.459893 -0.479888 -0.499883 -0.519879 -0.539874 -0.559869 -0.579865 -0.599860 -0.619855 -0.639851 -0.659846 -0.679841 -0.699837 -0.719832 -0.739827 -0.759823 -0.779818 -0.799814 -0.819809 -0.839804 -0.859800 -0.879795 
-0.020000 -0.040000 -0.060000 -0.080000 -0.100000 -0.120000 -0.140000 -0.160000 -0.180000 -0.200000 -0.220000 -0.240000 -0.260000 -0.280000 -0.300000 -0.320000 -0.340000 -0.360000 -0.380000 -0.399999 -0.419999 -0.439999 -0.459999 -0.479999 -0.499999 -0.519999 -0.539999 -0.559999 -0.579999 -0.599999 -0.619999 -0.639999 -0.659999 -0.679999 -0.699999 -0.719999 -0.739999 -0.759999 -0.779999 -0.799999 -0.819999 -0.839999 -0.859999 -0.879999 -0.899999 
-0.019997 -0.039993 -0.059990 -0.079986 -0.099983 -0.119980 -0.139976 -0.159973 -0.179970 -0.199966 -0.219963 -0.239959 -0.259956 -0.279953 -0.299949 -0.319946 -0.339942 -0.359939 -0.379936 -0.399932 -0.419929 -0.439925 -0.459922 -0.479919 -0.499915 -0.519912 -0.539909 -0.559905 -0.579902 -0.599898 -0.619895 -0.639892 -0.659888 -0.679885 -0.699881 -0.719878 -0.739875 -0.759871 -0.779868 -0.799864 -0.819861 -0.839858 -0.859854 -0.879851 
-0.019985 -0.039971 -0.059956 -0.079941 -0.099926 -0.119912 -0.139897 -0.159882 -0.179867 -0.199853 -0.219838 -0.239823 -0.259808 -0.279794 -0.299779 -0.319764 -0.339749 -0.359735 -0.379720 -0.399705 -0.419690 -0.439676 -0.459661 -0.479646 -0.499631 -0.519617 -0.539602 -0.559587 -0.579572 -0.599558 -0.619543 -0.639528 -0.659513 -0.679499 -0.699484 -0.719469 -0.739454 -0.759440 -0.779425 -0.799410 -0.819395 -0.839381 -0.859366 
-0.019966 -0.039932 -0.059898 -0.079864 -0.099829 -0.119795 -0.139761 -0.159727 -0.179693 -0.199659 -0.219625 -0.239591 -0.259557 -0.279523 -0.299488 -0.319454 -0.339420 -0.359386 -0.379352 -0.399318 -0.419284 -0.439250 -0.459216 -0.479181 -0.499147 -0.519113 -0.539079 -0.559045 -0.579011 -0.598977 -0.618943 -0.638909 -0.658875 -0.678840 -0.698806 -0.718772 -0.738738 -0.758704 -0.778670 -0.798636 -0.818602 -0.838568 
-0.019939 -0.039877 -0.059816 -0.079754 -0.099693 -0.119631 -0.139570 -0.159508 -0.179447 -0.199386 -0.219324 -0.239263 -0.259201 -0.279140 -0.299078 -0.319017 -0.338955 -0.358894 -0.378833 -0.398771 -0.418710 -0.438648 -0.458587 -0.478525 -0.498464 -0.518402 -0.538341 -0.558280 -0.578218 -0.598157 -0.618095 -0.638034 -0.657972 -0.677911 -0.697849 -0.717788 -0.737727 -0.757665 -0.777604 -0.797542 -0.817481 -0.837419 
-0.019903 -0.039806 -0.059710 -0.079613 -0.099516 -0.119419 -0.139323 -0.159226 -0.179129 -0.199032 -0.218936 -0.238839 -0.258742 -0.278645 -0.298549 -0.318452 -0.338355 -0.358258 -0.378162 -0.398065 -0.417968 -0.437871 -0.457774 -0.477678 -0.497581 -0.517484 -0.537387 -0.557291 -0.577194 -0.597097 -0.617000 -0.636904 -0.656807 -0.676710 -0.696613 -0.716517 -0.736420 -0.756323 -0.776226 -0.796130 -0.816033 
-0.019860 -0.039720 -0.059580 -0.079440 -0.099300 -0.119160 -0.139020 -0.158880 -0.178740 -0.198600 -0.218460 -0.238320 -0.258179 -0.278039 -0.297899 -0.317759 -0.337619 -0.357479 -0.377339 -0.397199 -0.417059 -0.436919 -0.456779 -0.476639 -0.496499 -0.516359 -0.536219 -0.556079 -0.575939 -0.595799 -0.615659 -0.635519 -0.655379 -0.675239 -0.695099 -0.714959 -0.734819 -0.754679 -0.774538 -0.794398 
-0.019809 -0.039617 -0.059426 -0.079235 -0.099044 -0.118852 -0.138661 -0.158470 -0.178279 -0.198087 -0.217896 -0.237705 -0.257514 -0.277322 -0.297131 -0.316940 -0.336749 -0.356557 -0.376366 -0.396175 -0.415984 -0.435792 -0.455601 -0.475410 -0.495218 -0.515027 -0.534836 -0.554645 -0.574453 -0.594262 -0.614071 -0.633880 -0.653688 -0.673497 -0.693306 -0.713115 -0.732923 -0.752732 -0.772541 
-0.019750 -0.039499 -0.059249 -0.078998 -0.098748 -0.118498 -0.138247 -0.157997 -0.177746 -0.197496 -0.217246 -0.236995 -0.256745 -0.276494 -0.296244 -0.315994 -0.335743 -0.355493 -0.375242 -0.394992 -0.414742 -0.434491 -0.454241 -0.473990 -0.493740 -0.513489 -0.533239 -0.552989 -0.572738 -0.592488 -0.612237 -0.631987 -0.651737 -0.671486 -0.691236 -0.710985 -0.730735 -0.750485 -0.770234 
-0.019683 -0.039365 -0.059048 -0.078730 -0.098413 -0.118095 -0.137778 -0.157460 -0.177143 -0.196826 -0.216508 -0.236191 -0.255873 -0.275556 -0.295238 -0.314921 -0.334603 -0.354286 -0.373968 -0.393651 -0.413334 -0.433016 -0.452699 -0.472381 -0.492064 -0.511746 -0.531429 -0.551111 -0.570794 -0.590477 -0.610159 -0.629842 -0.649524 -0.669207 -0.688889 -0.708572 -0.728254 -0.747937 
-0.019608 -0.039215 -0.058823 -0.078431 -0.098038 -0.117646 -0.137253 -0.156861 -0.176469 -0.196076 -0.215684 -0.235292 -0.254899 -0.274507 -0.294115 -0.313722 -0.333330 -0.352937 -0.372545 -0.392153 -0.411760 -0.431368 -0.450976 -0.470583 -0.490191 -0.509799 -0.529406 -0.549014 -0.568621 -0.588229 -0.607837 -0.627444 -0.647052 -0.666660 -0.686267 -0.705875 -0.725482 
-0.019525 -0.039050 -0.058575 -0.078100 -0.097624 -0.117149 -0.136674 -0.156199 -0.175724 -0.195249 -0.214774 -0.234299 -0.253823 -0.273348 -0.292873 -0.312398 -0.331923 -0.351448 -0.370973 -0.390498 -0.410022 -0.429547 -0.449072 -0.468597 -0.488122 -0.507647 -0.527172 -0.546697 -0.566221 -0.585746 -0.605271 -0.624796 -0.644321 -0.663846 -0.683371 -0.702896 -0.722420 
-0.019434 -0.038869 -0.058303 -0.077737 -0.097172 -0.116606 -0.136040 -0.155474 -0.174909 -0.194343 -0.213777 -0.233212 -0.252646 -0.272080 -0.291515 -0.310949 -0.330383 -0.349818 -0.369252 -0.388686 -0.408120 -0.427555 -0.446989 -0.466423 -0.485858 -0.505292 -0.524726 -0.544161 -0.563595 -0.583029 -0.602463 -0.621898 -0.641332 -0.660766 -0.680201 -0.699635 
-0.019336 -0.038672 -0.058008 -0.077344 -0.096680 -0.116016 -0.135352 -0.154688 -0.174024 -0.193360 -0.212696 -0.232032 -0.251368 -0.270703 -0.290039 -0.309375 -0.328711 -0.348047 -0.367383 -0.386719 -0.406055 -0.425391 -0.444727 -0.464063 -0.483399 -0.502735 -0.522071 -0.541407 -0.560743 -0.580079 -0.599415 -0.618751 -0.638087 -0.657423 -0.676759 
-0.019230 -0.038460 -0.057690 -0.076920 -0.096149 -0.115379 -0.134609 -0.153839 -0.173069 -0.192299 -0.211529 -0.230759 -0.249989 -0.269218 -0.288448 -0.307678 -0.326908 -0.346138 -0.365368 -0.384598 -0.403828 -0.423058 -0.442287 -0.461517 -0.480747 -0.499977 -0.519207 -0.538437 -0.557667 -0.576897 -0.596127 -0.615356 -0.634586 -0.653816 -0.673046 
-0.019116 -0.038232 -0.057348 -0.076464 -0.095581 -0.114697 -0.133813 -0.152929 -0.172045 -0.191161 -0.210277 -0.229393 -0.248510 -0.267626 -0.286742 -0.305858 -0.324974 -0.344090 -0.363206 -0.382322 -0.401438 -0.420555 -0.439671 -0.458787 -0.477903 -0.497019 -0.516135 -0.535251 -0.554367 -0.573484 -0.592600 -0.611716 -0.630832 -0.649948 
-0.018995 -0.037989 -0.056984 -0.075979 -0.094974 -0.113968 -0.132963 -0.151958 -0.170952 -0.189947 -0.208942 -0.227936 -0.246931 -0.265926 -0.284921 -0.303915 -0.322910 -0.341905 -0.360899 -0.379894 -0.398889 -0.417883 -0.436878 -0.455873 -0.474868 -0.493862 -0.512857 -0.531852 -0.550846 -0.569841 -0.588836 -0.607831 -0.626825 -0.645820 
-0.018866 -0.037731 -0.056597 -0.075463 -0.094328 -0.113194 -0.132060 -0.150926 -0.169791 -0.188657 -0.207523 -0.226388 -0.245254 -0.264120 -0.282985 -0.301851 -0.320717 -0.339582 -0.358448 -0.377314 -0.396180 -0.415045 -0.433911 -0.452777 -0.471642 -0.490508 -0.509374 -0.528239 -0.547105 -0.565971 -0.584836 -0.603702 -0.622568 
-0.018729 -0.037458 -0.056187 -0.074917 -0.093646 -0.112375 -0.131104 -0.149833 -0.168562 -0.187291 -0.206020 -0.224750 -0.243479 -0.262208 -0.280937 -0.299666 -0.318395 -0.337124 -0.355854 -0.374583 -0.393312 -0.412041 -0.430770 -0.449499 -0.468228 -0.486957 -0.505687 -0.524416 -0.543145 -0.561874 -0.580603 -0.599332 -0.618061 
-0.018585 -0.037170 -0.055755 -0.074340 -0.092925 -0.111511 -0.130096 -0.148681 -0.167266 -0.185851 -0.204436 -0.223021 -0.241606 -0.260191 -0.278776 -0.297361 -0.315946 -0.334532 -0.353117 -0.371702 -0.390287 -0.408872 -0.427457 -0.446042 -0.464627 -0.483212 -0.501797 -0.520382 -0.538967 -0.557553 -0.576138 -0.594723 -0.613308 
-0.018434 -0.036867 -0.055301 -0.073734 -0.092168 -0.110602 -0.129035 -0.147469 -0.165902 -0.184336 -0.202770 -0.221203 -0.239637 -0.258070 -0.276504 -0.294938 -0.313371 -0.331805 -0.350238 -0.368672 -0.387106 -0.405539 -0.423973 -0.442406 -0.460840 -0.479274 -0.497707 -0.516141 -0.534574 -0.553008 -0.571442 -0.589875 
-0.018275 -0.036549 -0.054824 -0.073099 -0.091374 -0.109648 -0.127923 -0.146198 -0.164473 -0.182747 -0.201022 -0.219297 -0.237572 -0.255846 -0.274121 -0.292396 -0.310671 -0.328945 -0.347220 -0.365495 -0.383770 -0.402044 -0.420319 -0.438594 -0.456869 -0.475143 -0.493418 -0.511693 -0.529968 -0.548242 -0.566517 -0.584792 
-0.018109 -0.036217 -0.054326 -0.072434 -0.090543 -0.108651 -0.126760 -0.144869 -0.162977 -0.181086 -0.199194 -0.217303 -0.235412 -0.253520 -0.271629 -0.289737 -0.307846 -0.325954 -0.344063 -0.362172 -0.380280 -0.398389 -0.416497 -0.434606 -0.452714 -0.470823 -0.488932 -0.507040 -0.525149 -0.543257 -0.561366 -0.579474 
-0.017935 -0.035870 -0.053806 -0.071741 -0.089676 -0.107611 -0.125546 -0.143481 -0.161417 -0.179352 -0.197287 -0.215222 -0.233157 -0.251092 -0.269028 -0.286963 -0.304898 -0.322833 -0.340768 -0.358703 -0.376639 -0.394574 -0.412509 -0.430444 -0.448379 -0.466314 -0.484250 -0.502185 -0.520120 -0.538055 -0.555990 
-0.017755 -0.035509 -0.053264 -0.071018 -0.088773 -0.106528 -0.124282 -0.142037 -0.159791 -0.177546 -0.195300 -0.213055 -0.230810 -0.248564 -0.266319 -0.284073 -0.301828 -0.319583 -0.337337 -0.355092 -0.372846 -0.390601 -0.408355 -0.426110 -0.443865 -0.461619 -0.479374 -0.497128 -0.514883 -0.532638 -0.550392 
-0.017567 -0.035134 -0.052701 -0.070268 -0.087835 -0.105401 -0.122968 -0.140535 -0.158102 -0.175669 -0.193236 -0.210803 -0.228370 -0.245937 -0.263504 -0.281070 -0.298637 -0.316204 -0.333771 -0.351338 -0.368905 -0.386472 -0.404039 -0.421606 -0.439173 -0.456739 -0.474306 -0.491873 -0.509440 -0.527007 -0.544574 
-0.017372 -0.034744 -0.052117 -0.069489 -0.086861 -0.104233 -0.121605 -0.138978 -0.156350 -0.173722 -0.191094 -0.208466 -0.225838 -0.243211 -0.260583 -0.277955 -0.295327 -0.312699 -0.330072 -0.347444 -0.364816 -0.382188 -0.399560 -0.416933 -0.434305 -0.451677 -0.469049 -0.486421 -0.503793 -0.521166 
-0.017171 -0.034341 -0.051512 -0.068682 -0.085853 -0.103023 -0.120194 -0.137364 -0.154535 -0.171705 -0.188876 -0.206046 -0.223217 -0.240387 -0.257558 -0.274728 -0.291899 -0.309070 -0.326240 -0.343411 -0.360581 -0.377752 -0.394922 -0.412093 -0.429263 -0.446434 -0.463604 -0.480775 -0.497945 -0.515116 
-0.016962 -0.033924 -0.050886 -0.067848 -0.084810 -0.101772 -0.118734 -0.135696 -0.152658 -0.169620 -0.186582 -0.203544 -0.220506 -0.237468 -0.254430 -0.271392 -0.288354 -0.305316 -0.322278 -0.339240 -0.356202 -0.373164 -0.390126 -0.407088 -0.424050 -0.441012 -0.457974 -0.474936 -0.491898 -0.508860 
-0.016747 -0.033493 -0.050240 -0.066987 -0.083733 -0.100480 -0.117227 -0.133974 -0.150720 -0.167467 -0.184214 -0.200960 -0.217707 -0.234454 -0.251200 -0.267947 -0.284694 -0.301440 -0.318187 -0.334934 -0.351680 -0.368427 -0.385174 -0.401921 -0.418667 -0.435414 -0.452161 -0.468907 -0.485654 -0.502401 
-0.016525 -0.033049 -0.049574 -0.066099 -0.082623 -0.099148 -0.115673 -0.132197 -0.148722 -0.165247 -0.181771 -0.198296 -0.214821 -0.231345 -0.247870 -0.264395 -0.280920 -0.297444 -0.313969 -0.330494 -0.347018 -0.363543 -0.380068 -0.396592 -0.413117 -0.429642 -0.446166 -0.462691 -0.479216 -0.495740 
-0.016296 -0.032592 -0.048888 -0.065184 -0.081480 -0.097776 -0.114072 -0.130368 -0.146665 -0.162961 -0.179257 -0.195553 -0.211849 -0.228145 -0.244441 -0.260737 -0.277033 -0.293329 -0.309625 -0.325921 -0.342217 -0.358513 -0.374809 -0.391105 -0.407401 -0.423697 -0.439994 -0.456290 -0.472586 
-0.016061 -0.032122 -0.048183 -0.064244 -0.080305 -0.096366 -0.112426 -0.128487 -0.144548 -0.160609 -0.176670 -0.192731 -0.208792 -0.224853 -0.240914 -0.256975 -0.273036 -0.289097 -0.305157 -0.321218 -0.337279 -0.353340 -0.369401 -0.385462 -0.401523 -0.417584 -0.433645 -0.449706 -0.465767 
-0.015819 -0.031639 -0.047458 -0.063277 -0.079097 -0.094916 -0.110735 -0.126555 -0.142374 -0.158194 -0.174013 -0.189832 -0.205652 -0.221471 -0.237290 -0.253110 -0.268929 -0.284748 -0.300568 -0.316387 -0.332206 -0.348026 -0.363845 -0.379665 -0.395484 -0.411303 -0.427123 -0.442942 -0.458761 
-0.015571 -0.031143 -0.046714 -0.062286 -0.077857 -0.093429 -0.109000 -0.124572 -0.140143 -0.155715 -0.171286 -0.186858 -0.202429 -0.218000 -0.233572 -0.249143 -0.264715 -0.280286 -0.295858 -0.311429 -0.327001 -0.342572 -0.358144 -0.373715 -0.389287 -0.404858 -0.420430 -0.436001 -0.451572 
-0.015317 -0.030635 -0.045952 -0.061269 -0.076587 -0.091904 -0.107221 -0.122539 -0.137856 -0.153173 -0.168491 -0.183808 -0.199125 -0.214443 -0.229760 -0.245078 -0.260395 -0.275712 -0.291030 -0.306347 -0.321664 -0.336982 -0.352299 -0.367616 -0.382934 -0.398251 -0.413568 -0.428886 -0.444203 
-0.015057 -0.030114 -0.045171 -0.060228 -0.075285 -0.090343 -0.105400 -0.120457 -0.135514 -0.150571 -0.165628 -0.180685 -0.195742 -0.210799 -0.225856 -0.240914 -0.255971 -0.271028 -0.286085 -0.301142 -0.316199 -0.331256 -0.346313 -0.361370 -0.376427 -0.391485 -0.406542 -0.421599 -0.436656 
-0.014791 -0.029582 -0.044372 -0.059163 -0.073954 -0.088745 -0.103536 -0.118327 -0.133117 -0.147908 -0.162699 -0.177490 -0.192281 -0.207072 -0.221862 -0.236653 -0.251444 -0.266235 -0.281026 -0.295817 -0.310607 -0.325398 -0.340189 -0.354980 -0.369771 -0.384562 -0.399352 -0.414143 -0.428934 
-0.014519 -0.029037 -0.043556 -0.058075 -0.072593 -0.087112 -0.101631 -0.116149 -0.130668 -0.145186 -0.159705 -0.174224 -0.188742 -0.203261 -0.217780 -0.232298 -0.246817 -0.261336 -0.275854 -0.290373 -0.304892 -0.319410 -0.333929 -0.348448 -0.362966 -0.377485 -0.392003 -0.406522 
-0.014241 -0.028481 -0.042722 -0.056963 -0.071203 -0.085444 -0.099685 -0.113925 -0.128166 -0.142407 -0.156647 -0.170888 -0.185129 -0.199369 -0.213610 -0.227850 -0.242091 -0.256332 -0.270572 -0.284813 -0.299054 -0.313294 -0.327535 -0.341776 -0.356016 -0.370257 -0.384498 -0.398738 
-0.013957 -0.027914 -0.041871 -0.055828 -0.069785 -0.083742 -0.097699 -0.111656 -0.125613 -0.139570 -0.153527 -0.167484 -0.181441 -0.195398 -0.209354 -0.223311 -0.237268 -0.251225 -0.265182 -0.279139 -0.293096 -0.307053 -0.321010 -0.334967 -0.348924 -0.362881 -0.376838 -0.390795 
-0.013668 -0.027335 -0.041003 -0.054671 -0.068338 -0.082006 -0.095674 -0.109342 -0.123009 -0.136677 -0.150345 -0.164012 -0.177680 -0.191348 -0.205015 -0.218683 -0.232351 -0.246019 -0.259686 -0.273354 -0.287022 -0.300689 -0.314357 -0.328025 -0.341692 -0.355360 -0.369028 -0.382695 
-0.013373 -0.026746 -0.040119 -0.053492 -0.066865 -0.080238 -0.093611 -0.106984 -0.120357 -0.133730 -0.147103 -0.160476 -0.173848 -0.187221 -0.200594 -0.213967 -0.227340 -0.240713 -0.254086 -0.267459 -0.280832 -0.294205 -0.307578 -0.320951 -0.334324 -0.347697 -0.361070 -0.374443 
-0.013073 -0.026146 -0.039219 -0.052291 -0.065364 -0.078437 -0.091510 -0.104583 -0.117656 -0.130729 -0.143802 -0.156874 -0.169947 -0.183020 -0.196093 -0.209166 -0.222239 -0.235312 -0.248385 -0.261457 -0.274530 -0.287603 -0.300676 -0.313749 -0.326822 -0.339895 -0.352968 -0.366040 
-0.012768 -0.025535 -0.038303 -0.051070 -0.063838 -0.076605 -0.089373 -0.102140 -0.114908 -0.127676 -0.140443 -0.153211 -0.165978 -0.178746 -0.191513 -0.204281 -0.217048 -0.229816 -0.242584 -0.255351 -0.268119 -0.280886 -0.293654 -0.306421 -0.319189 -0.331956 -0.344724 -0.357492 
-0.012457 -0.024914 -0.037371 -0.049829 -0.062286 -0.074743 -0.087200 -0.099657 -0.112114 -0.124571 -0.137028 -0.149486 -0.161943 -0.174400 -0.186857 -0.199314 -0.211771 -0.224228 -0.236686 -0.249143 -0.261600 -0.274057 -0.286514 -0.298971 -0.311428 -0.323886 -0.336343 -0.348800 
-0.012142 -0.024283 -0.036425 -0.048567 -0.060709 -0.072850 -0.084992 -0.097134 -0.109276 -0.121417 -0.133559 -0.145701 -0.157842 -0.169984 -0.182126 -0.194268 -0.206409 -0.218551 -0.230693 -0.242835 -0.254976 -0.267118 -0.279260 -0.291402 -0.303543 -0.315685 -0.327827 -0.339968 
-0.011821 -0.023643 -0.035464 -0.047286 -0.059107 -0.070929 -0.082750 -0.094572 -0.106393 -0.118215 -0.130036 -0.141858 -0.153679 -0.165501 -0.177322 -0.189143 -0.200965 -0.212786 -0.224608 -0.236429 -0.248251 -0.260072 -0.271894 -0.283715 -0.295537 -0.307358 -0.319180 -0.331001 
-0.011496 -0.022993 -0.034489 -0.045986 -0.057482 -0.068979 -0.080475 -0.091972 -0.103468 -0.114965 -0.126461 -0.137958 -0.149454 -0.160951 -0.172447 -0.183944 -0.195440 -0.206937 -0.218433 -0.229930 -0.241426 -0.252923 -0.264419 -0.275915 -0.287412 -0.298908 -0.310405 -0.321901 
-0.011167 -0.022334 -0.033501 -0.044668 -0.055834 -0.067001 -0.078168 -0.089335 -0.100502 -0.111669 -0.122836 -0.134003 -0.145170 -0.156336 -0.167503 -0.178670 -0.189837 -0.201004 -0.212171 -0.223338 -0.234505 -0.245672 -0.256838 -0.268005 -0.279172 -0.290339 -0.301506 -0.312673 
-0.010833 -0.021666 -0.032499 -0.043331 -0.054164 -0.064997 -0.075830 -0.086663 -0.097496 -0.108328 -0.119161 -0.129994 -0.140827 -0.151660 -0.162493 -0.173325 -0.184158 -0.194991 -0.205824 -0.216657 -0.227490 -0.238322 -0.249155 -0.259988 -0.270821 -0.281654 -0.292487 -0.303319 -0.314152 
-0.010494 -0.020989 -0.031483 -0.041978 -0.052472 -0.062967 -0.073461 -0.083956 -0.094450 -0.104944 -0.115439 -0.125933 -0.136428 -0.146922 -0.157417 -0.167911 -0.178406 -0.188900 -0.199395 -0.209889 -0.220383 -0.230878 -0.241372 -0.251867 -0.262361 -0.272856 -0.283350 -0.293845 -0.304339 
-0.010152 -0.020304 -0.030456 -0.040607 -0.050759 -0.060911 -0.071063 -0.081215 -0.091367 -0.101519 -0.111670 -0.121822 -0.131974 -0.142126 -0.152278 -0.162430 -0.172582 -0.182734 -0.192885 -0.203037 -0.213189 -0.223341 -0.233493 -0.243645 -0.253797 -0.263948 -0.274100 -0.284252 -0.294404 
-0.009805 -0.019610 -0.029416 -0.039221 -0.049026 -0.058831 -0.068637 -0.078442 -0.088247 -0.098052 -0.107857 -0.117663 -0.127468 -0.137273 -0.147078 -0.156883 -0.166689 -0.176494 -0.186299 -0.196104 -0.205910 -0.215715 -0.225520 -0.235325 -0.245130 -0.254936 -0.264741 -0.274546 -0.284351 
-0.009455 -0.018909 -0.028364 -0.037819 -0.047273 -0.056728 -0.066183 -0.075637 -0.085092 -0.094546 -0.104001 -0.113456 -0.122910 -0.132365 -0.141820 -0.151274 -0.160729 -0.170184 -0.179638 -0.189093 -0.198548 -0.208002 -0.217457 -0.226912 -0.236366 -0.245821 -0.255276 -0.264730 -0.274185 
-0.009100 -0.018201 -0.027301 -0.036401 -0.045501 -0.054602 -0.063702 -0.072802 -0.081903 -0.091003 -0.100103 -0.109204 -0.118304 -0.127404 -0.136504 -0.145605 -0.154705 -0.163805 -0.172906 -0.182006 -0.191106 -0.200207 -0.209307 -0.218407 -0.227507 -0.236608 -0.245708 -0.254808 -0.263909 
-0.008742 -0.017485 -0.026227 -0.034969 -0.043712 -0.052454 -0.061196 -0.069938 -0.078681 -0.087423 -0.096165 -0.104908 -0.113650 -0.122392 -0.131135 -0.139877 -0.148619 -0.157362 -0.166104 -0.174846 -0.183588 -0.192331 -0.201073 -0.209815 -0.218558 -0.227300 -0.236042 -0.244785 -0.253527 
-0.008381 -0.016762 -0.025142 -0.033523 -0.041904 -0.050285 -0.058666 -0.067047 -0.075427 -0.083808 -0.092189 -0.100570 -0.108951 -0.117332 -0.125712 -0.134093 -0.142474 -0.150855 -0.159236 -0.167616 -0.175997 -0.184378 -0.192759 -0.201140 -0.209521 -0.217901 -0.226282 -0.234663 -0.243044 
-0.008016 -0.016032 -0.024048 -0.032064 -0.040080 -0.048096 -0.056112 -0.064128 -0.072144 -0.080160 -0.088176 -0.096192 -0.104208 -0.112224 -0.120240 -0.128256 -0.136272 -0.144288 -0.152304 -0.160320 -0.168336 -0.176352 -0.184368 -0.192384 -0.200400 -0.208416 -0.216432 -0.224448 -0.232464 -0.240480 
-0.007648 -0.015296 -0.022944 -0.030592 -0.038240 -0.045888 -0.053536 -0.061184 -0.068831 -0.076479 -0.084127 -0.091775 -0.099423 -0.107071 -0.114719 -0.122367 -0.130015 -0.137663 -0.145311 -0.152959 -0.160607 -0.168255 -0.175903 -0.183551 -0.191198 -0.198846 -0.206494 -0.214142 -0.221790 -0.229438 
-0.007277 -0.014554 -0.021831 -0.029107 -0.036384 -0.043661 -0.050938 -0.058215 -0.065492 -0.072768 -0.080045 -0.087322 -0.094599 -0.101876 -0.109153 -0.116429 -0.123706 -0.130983 -0.138260 -0.145537 -0.152814 -0.160090 -0.167367 -0.174644 -0.181921 -0.189198 -0.196475 -0.203751 -0.211028 -0.218305 
-0.006903 -0.013806 -0.020708 -0.027611 -0.034514 -0.041417 -0.048320 -0.055223 -0.062125 -0.069028 -0.075931 -0.082834 -0.089737 -0.096639 -0.103542 -0.110445 -0.117348 -0.124251 -0.131154 -0.138056 -0.144959 -0.151862 -0.158765 -0.165668 -0.172570 -0.179473 -0.186376 -0.193279 -0.200182 -0.207085 
-0.006526 -0.013052 -0.019578 -0.026104 -0.032630 -0.039156 -0.045682 -0.052208 -0.058734 -0.065260 -0.071786 -0.078313 -0.084839 -0.091365 -0.097891 -0.104417 -0.110943 -0.117469 -0.123995 -0.130521 -0.137047 -0.143573 -0.150099 -0.156625 -0.163151 -0.169677 -0.176203 -0.182729 -0.189255 -0.195781 -0.202307 
-0.006147 -0.012293 -0.018440 -0.024587 -0.030733 -0.036880 -0.043027 -0.049173 -0.055320 -0.061467 -0.067613 -0.073760 -0.079907 -0.086053 -0.092200 -0.098347 -0.104493 -0.110640 -0.116786 -0.122933 -0.129080 -0.135226 -0.141373 -0.147520 -0.153666 -0.159813 -0.165960 -0.172106 -0.178253 -0.184400 -0.190546 
-0.005765 -0.011530 -0.017294 -0.023059 -0.028824 -0.034589 -0.040354 -0.046119 -0.051883 -0.057648 -0.063413 -0.069178 -0.074943 -0.080707 -0.086472 -0.092237 -0.098002 -0.103767 -0.109531 -0.115296 -0.121061 -0.126826 -0.132591 -0.138356 -0.144120 -0.149885 -0.155650 -0.161415 -0.167180 -0.172944 -0.178709 
-0.005381 -0.010761 -0.016142 -0.021523 -0.026903 -0.032284 -0.037665 -0.043045 -0.048426 -0.053807 -0.059187 -0.064568 -0.069949 -0.075329 -0.080710 -0.086091 -0.091471 -0.096852 -0.102233 -0.107613 -0.112994 -0.118375 -0.123755 -0.129136 -0.134517 -0.139897 -0.145278 -0.150659 -0.156039 -0.161420 -0.166801 -0.172181 
-0.004994 -0.009989 -0.014983 -0.019977 -0.024972 -0.029966 -0.034961 -0.039955 -0.044949 -0.049944 -0.054938 -0.059932 -0.064927 -0.069921 -0.074915 -0.079910 -0.084904 -0.089898 -0.094893 -0.099887 -0.104882 -0.109876 -0.114870 -0.119865 -0.124859 -0.129853 -0.134848 -0.139842 -0.144836 -0.149831 -0.154825 -0.159819 
-0.004606 -0.009212 -0.013818 -0.018424 -0.023030 -0.027636 -0.032242 -0.036848 -0.041455 -0.046061 -0.050667 -0.055273 -0.059879 -0.064485 -0.069091 -0.073697 -0.078303 -0.082909 -0.087515 -0.092121 -0.096727 -0.101333 -0.105939 -0.110545 -0.115151 -0.119758 -0.124364 -0.128970 -0.133576 -0.138182 -0.142788 -0.147394 
-0.004216 -0.008432 -0.012648 -0.016864 -0.021080 -0.025295 -0.029511 -0.033727 -0.037943 -0.042159 -0.046375 -0.050591 -0.054807 -0.059023 -0.063239 -0.067455 -0.071671 -0.075886 -0.080102 -0.084318 -0.088534 -0.092750 -0.096966 -0.101182 -0.105398 -0.109614 -0.113830 -0.118046 -0.122262 -0.126477 -0.130693 -0.134909 -0.139125 
-0.003824 -0.007648 -0.011472 -0.015296 -0.019120 -0.022945 -0.026769 -0.030593 -0.034417 -0.038241 -0.042065 -0.045889 -0.049713 -0.053537 -0.057361 -0.061185 -0.065009 -0.068834 -0.072658 -0.076482 -0.080306 -0.084130 -0.087954 -0.091778 -0.095602 -0.099426 -0.103250 -0.107074 -0.110899 -0.114723 -0.118547 -0.122371 -0.126195 
-0.003431 -0.006861 -0.010292 -0.013723 -0.017154 -0.020584 -0.024015 -0.027446 -0.030877 -0.034307 -0.037738 -0.041169 -0.044599 -0.048030 -0.051461 -0.054892 -0.058322 -0.061753 -0.065184 -0.068615 -0.072045 -0.075476 -0.078907 -0.082337 -0.085768 -0.089199 -0.092630 -0.096060 -0.099491 -0.102922 -0.106353 -0.109783 -0.113214 -0.116645 
-0.003036 -0.006072 -0.009108 -0.012144 -0.015180 -0.018216 -0.021252 -0.024288 -0.027324 -0.030360 -0.033396 -0.036432 -0.039468 -0.042504 -0.045540 -0.048576 -0.051612 -0.054648 -0.057684 -0.060720 -0.063756 -0.066792 -0.069828 -0.072864 -0.075900 -0.078936 -0.081972 -0.085008 -0.088044 -0.091080 -0.094116 -0.097152 -0.100188 -0.103224 
-0.002640 -0.005280 -0.007920 -0.010560 -0.013200 -0.015840 -0.018480 -0.021120 -0.023760 -0.026401 -0.029041 -0.031681 -0.034321 -0.036961 -0.039601 -0.042241 -0.044881 -0.047521 -0.050161 -0.052801 -0.055441 -0.058081 -0.060721 -0.063361 -0.066001 -0.068641 -0.071281 -0.073921 -0.076562 -0.079202 -0.081842 -0.084482 -0.087122 -0.089762 -0.092402 
-0.002243 -0.004486 -0.006729 -0.008972 -0.011215 -0.013458 -0.015701 -0.017944 -0.020187 -0.022431 -0.024674 -0.026917 -0.029160 -0.031403 -0.033646 -0.035889 -0.038132 -0.040375 -0.042618 -0.044861 -0.047104 -0.049347 -0.051590 -0.053833 -0.056076 -0.058319 -0.060562 -0.062805 -0.065048 -0.067292 -0.069535 -0.071778 -0.074021 -0.076264 -0.078507 
-0.001845 -0.003690 -0.005535 -0.007381 -0.009226 -0.011071 -0.012916 -0.014761 -0.016606 -0.018452 -0.020297 -0.022142 -0.023987 -0.025832 -0.027677 -0.029522 -0.031368 -0.033213 -0.035058 -0.036903 -0.038748 -0.040593 -0.042438 -0.044284 -0.046129 -0.047974 -0.049819 -0.051664 -0.053509 -0.055355 -0.057200 -0.059045 -0.060890 -0.062735 -0.064580 -0.066425 
-0.001447 -0.002893 -0.004340 -0.005786 -0.007233 -0.008679 -0.010126 -0.011572 -0.013019 -0.014465 -0.015912 -0.017358 -0.018805 -0.020251 -0.021698 -0.023144 -0.024591 -0.026037 -0.027484 -0.028930 -0.030377 -0.031823 -0.033270 -0.034716 -0.036163 -0.037609 -0.039056 -0.040502 -0.041949 -0.043395 -0.044842 -0.046288 -0.047735 -0.049182 -0.050628 -0.052075 -0.053521 
-0.001047 -0.002095 -0.003142 -0.004189 -0.005237 -0.006284 -0.007331 -0.008378 -0.009426 -0.010473 -0.011520 -0.012568 -0.013615 -0.014662 -0.015710 -0.016757 -0.017804 -0.018851 -0.019899 -0.020946 -0.021993 -0.023041 -0.024088 -0.025135 -0.026183 -0.027230 -0.028277 -0.029324 -0.030372 -0.031419 -0.032466 -0.033514 -0.034561 -0.035608 -0.036656 -0.037703 -0.038750 -0.039797 
-0.000648 -0.001295 -0.001943 -0.002591 -0.003238 -0.003886 -0.004534 -0.005181 -0.005829 -0.006477 -0.007124 -0.007772 -0.008420 -0.009067 -0.009715 -0.010363 -0.011010 -0.011658 -0.012306 -0.012953 -0.013601 -0.014249 -0.014896 -0.015544 -0.016192 -0.016839 -0.017487 -0.018135 -0.018782 -0.019430 -0.020078 -0.020725 -0.021373 -0.022021 -0.022668 -0.023316 -0.023964 -0.024611 
-0.000248 -0.000496 -0.000743 -0.000991 -0.001239 -0.001487 -0.001734 -0.001982 -0.002230 -0.002478 -0.002726 -0.002973 -0.003221 -0.003469 -0.003717 -0.003964 -0.004212 -0.004460 -0.004708 -0.004955 -0.005203 -0.005451 -0.005699 -0.005947 -0.006194 -0.006442 -0.006690 -0.006938 -0.007185 -0.007433 -0.007681 -0.007929 -0.008177 -0.008424 -0.008672 -0.008920 -0.009168 -0.009415 -0.009663 
0.000152 0.000304 0.000457 0.000609 0.000761 0.000913 0.001066 0.001218 0.001370 0.001522 0.001674 0.001827 0.001979 0.002131 0.002283 0.002436 0.002588 0.002740 0.002892 0.003044 0.003197 0.003349 0.003501 0.003653 0.003805 0.003958 0.004110 0.004262 0.004414 0.004567 0.004719 0.004871 0.005023 0.005175 0.005328 0.005480 0.005632 0.005784 0.005937 0.006089 
0.000552 0.001104 0.001656 0.002209 0.002761 0.003313 0.003865 0.004417 0.004969 0.005522 0.006074 0.006626 0.007178 0.007730 0.008282 0.008834 0.009387 0.009939 0.010491 0.011043 0.011595 0.012147 0.012699 0.013252 0.013804 0.014356 0.014908 0.015460 0.016012 0.016565 0.017117 0.017669 0.018221 0.018773 0.019325 0.019877 0.020430 0.020982 0.021534 0.022086 
0.000952 0.001904 0.002856 0.003807 0.004759 0.005711 0.006663 0.007615 0.008567 0.009519 0.010470 0.011422 0.012374 0.013326 0.014278 0.015230 0.016182 0.017133 0.018085 0.019037 0.019989 0.020941 0.021893 0.022845 0.023797 0.024748 0.025700 0.026652 0.027604 0.028556 0.029508 0.030460 0.031411 0.032363 0.033315 0.034267 0.035219 0.036171 0.037123 
0.001351 0.002702 0.004054 0.005405 0.006756 0.008107 0.009458 0.010810 0.012161 0.013512 0.014863 0.016214 0.017565 0.018917 0.020268 0.021619 0.022970 0.024321 0.025673 0.027024 0.028375 0.029726 0.031077 0.032429 0.033780 0.035131 0.036482 0.037833 0.039185 0.040536 0.041887 0.043238 0.044589 0.045940 0.047292 0.048643 0.049994 0.051345 
0.001750 0.003500 0.005250 0.007000 0.008750 0.010500 0.012250 0.014000 0.015750 0.017500 0.019250 0.021000 0.022750 0.024500 0.026250 0.028000 0.029750 0.031500 0.033250 0.035000 0.036750 0.038500 0.040250 0.042000 0.043749 0.045499 0.047249 0.048999 0.050749 0.052499 0.054249 0.055999 0.057749 0.059499 0.061249 0.062999 0.064749 
0.002148 0.004296 0.006444 0.008592 0.010740 0.012888 0.015036 0.017185 0.019333 0.021481 0.023629 0.025777 0.027925 0.030073 0.032221 0.034369 0.036517 0.038665 0.040813 0.042961 0.045109 0.047258 0.049406 0.051554 0.053702 0.055850 0.057998 0.060146 0.062294 0.064442 0.066590 0.068738 0.070886 0.073034 0.075182 0.077330 
0.002545 0.005091 0.007636 0.010181 0.012726 0.015272 0.017817 0.020362 0.022908 0.025453 0.027998 0.030544 0.033089 0.035634 0.038179 0.040725 0.043270 0.045815 0.048361 0.050906 0.053451 0.055997 0.058542 0.061087 0.063632 0.066178 0.068723 0.071268 0.073814 0.076359 0.078904 0.081450 0.083995 0.086540 0.089085 0.091631 
0.002942 0.005883 0.008825 0.011766 0.014708 0.017649 0.020591 0.023532 0.026474 0.029415 0.032357 0.035298 0.038240 0.041181 0.044123 0.047064 0.050006 0.052947 0.055889 0.058830 0.061772 0.064713 0.067655 0.070596 0.073538 0.076479 0.079421 0.082362 0.085304 0.088245 0.091187 0.094128 0.097070 0.100011 0.102953 
0.003337 0.006673 0.010010 0.013346 0.016683 0.020019 0.023356 0.026692 0.030029 0.033365 0.036702 0.040039 0.043375 0.046712 0.050048 0.053385 0.056721 0.060058 0.063394 0.066731 0.070067 0.073404 0.076741 0.080077 0.083414 0.086750 0.090087 0.093423 0.096760 0.100096 0.103433 0.106769 0.110106 0.113443 
0.003730 0.007460 0.011191 0.014921 0.018651 0.022381 0.026112 0.029842 0.033572 0.037302 0.041033 0.044763 0.048493 0.052223 0.055954 0.059684 0.063414 0.067144 0.070875 0.074605 0.078335 0.082065 0.085796 0.089526 0.093256 0.096986 0.100717 0.104447 0.108177 0.111907 0.115638 0.119368 0.123098 0.126828 
0.004122 0.008245 0.012367 0.016490 0.020612 0.024735 0.028857 0.032980 0.037102 0.041225 0.045347 0.049469 0.053592 0.057714 0.061837 0.065959 0.070082 0.074204 0.078327 0.082449 0.086572 0.090694 0.094816 0.098939 0.103061 0.107184 0.111306 0.115429 0.119551 0.123674 0.127796 0.131919 0.136041 
0.004513 0.009026 0.013539 0.018052 0.022565 0.027078 0.031591 0.036104 0.040617 0.045130 0.049643 0.054156 0.058669 0.063182 0.067695 0.072208 0.076721 0.081234 0.085747 0.090260 0.094773 0.099286 0.103799 0.108312 0.112825 0.117338 0.121851 0.126364 0.130877 0.135390 0.139903 0.144417 0.148930 
0.004902 0.009804 0.014705 0.019607 0.024509 0.029411 0.034312 0.039214 0.044116 0.049018 0.053919 0.058821 0.063723 0.068625 0.073527 0.078428 0.083330 0.088232 0.093134 0.098035 0.102937 0.107839 0.112741 0.117643 0.122544 0.127446 0.132348 0.137250 0.142151 0.147053 0.151955 0.156857 
0.005289 0.010577 0.015866 0.021154 0.026443 0.031731 0.037020 0.042309 0.047597 0.052886 0.058174 0.063463 0.068751 0.074040 0.079328 0.084617 0.089906 0.095194 0.100483 0.105771 0.111060 0.116348 0.121637 0.126926 0.132214 0.137503 0.142791 0.148080 0.153368 0.158657 0.163946 0.169234 
0.005673 0.011346 0.017020 0.022693 0.028366 0.034039 0.039713 0.045386 0.051059 0.056732 0.062406 0.068079 0.073752 0.079425 0.085099 0.090772 0.096445 0.102118 0.107792 0.113465 0.119138 0.124811 0.130485 0.136158 0.141831 0.147504 0.153178 0.158851 0.164524 0.170197 0.175871 0.181544 
0.006056 0.012111 0.018167 0.024223 0.030278 0.036334 0.042390 0.048445 0.054501 0.060557 0.066612 0.072668 0.078723 0.084779 0.090835 0.096890 0.102946 0.109002 0.115057 0.121113 0.127169 0.133224 0.139280 0.145336 0.151391 0.157447 0.163503 0.169558 0.175614 0.181670 0.187725 
0.006436 0.012871 0.019307 0.025743 0.032178 0.038614 0.045049 0.051485 0.057921 0.064356 0.070792 0.077228 0.083663 0.090099 0.096535 0.102970 0.109406 0.115842 0.122277 0.128713 0.135148 0.141584 0.148020 0.154455 0.160891 0.167327 0.173762 0.180198 0.186634 0.193069 0.199505 
0.006813 0.013626 0.020439 0.027252 0.034065 0.040878 0.047691 0.054504 0.061317 0.068131 0.074944 0.081757 0.088570 0.095383 0.102196 0.109009 0.115822 0.122635 0.129448 0.136261 0.143074 0.149887 0.156700 0.163513 0.170326 0.177139 0.183952 0.190766 0.197579 0.204392 0.211205 
0.007188 0.014375 0.021563 0.028751 0.035939 0.043126 0.050314 0.057502 0.064690 0.071877 0.079065 0.086253 0.093441 0.100628 0.107816 0.115004 0.122192 0.129379 0.136567 0.143755 0.150943 0.158130 0.165318 0.172506 0.179694 0.186881 0.194069 0.201257 0.208445 0.215632 
0.007560 0.015119 0.022679 0.030238 0.037798 0.045357 0.052917 0.060476 0.068036 0.075596 0.083155 0.090715 0.098274 0.105834 0.113393 0.120953 0.128512 0.136072 0.143632 0.151191 0.158751 0.166310 0.173870 0.181429 0.188989 0.196548 0.204108 0.211668 0.219227 0.226787 
0.007928 0.015857 0.023785 0.031713 0.039642 0.047570 0.055498 0.063427 0.071355 0.079283 0.087212 0.095140 0.103068 0.110997 0.118925 0.126854 0.134782 0.142710 0.150639 0.158567 0.166495 0.174424 0.182352 0.190280 0.198209 0.206137 0.214065 0.221994 0.229922 0.237850 
0.008294 0.016588 0.024882 0.033176 0.041470 0.049764 0.058058 0.066352 0.074646 0.082940 0.091234 0.099528 0.107822 0.116115 0.124409 0.132703 0.140997 0.149291 0.157585 0.165879 0.174173 0.182467 0.190761 0.199055 0.207349 0.215643 0.223937 0.232231 0.240525 0.248819 
0.008656 0.017313 0.025969 0.034625 0.043281 0.051938 0.060594 0.069250 0.077906 0.086563 0.095219 0.103875 0.112531 0.121188 0.129844 0.138500 0.147156 0.155813 0.164469 0.173125 0.181782 0.190438 0.199094 0.207750 0.216407 0.225063 0.233719 0.242375 0.251032 
0.009015 0.018030 0.027045 0.036060 0.045076 0.054091 0.063106 0.072121 0.081136 0.090151 0.099166 0.108181 0.117196 0.126211 0.135227 0.144242 0.153257 0.162272 0.171287 0.180302 0.189317 0.198332 0.207347 0.216362 0.225378 0.234393 0.243408 0.252423 0.261438 
0.009370 0.018741 0.028111 0.037481 0.046852 0.056222 0.065592 0.074963 0.084333 0.093703 0.103074 0.112444 0.121814 0.131185 0.140555 0.149925 0.159296 0.168666 0.178036 0.187407 0.196777 0.206147 0.215518 0.224888 0.234258 0.243629 0.252999 0.262369 0.271740 
0.009722 0.019444 0.029165 0.038887 0.048609 0.058331 0.068053 0.077775 0.087496 0.097218 0.106940 0.116662 0.126384 0.136105 0.145827 0.155549 0.165271 0.174993 0.184715 0.194436 0.204158 0.213880 0.223602 0.233324 0.243045 0.252767 0.262489 0.272211 0.281933 
0.010069 0.020139 0.030208 0.040278 0.050347 0.060416 0.070486 0.080555 0.090625 0.100694 0.110764 0.120833 0.130902 0.140972 0.151041 0.161111 0.171180 0.181249 0.191319 0.201388 0.211458 0.221527 0.231597 0.241666 0.251735 0.261805 0.271874 0.281944 0.292013 
0.010413 0.020826 0.031239 0.041652 0.052065 0.062478 0.072891 0.083304 0.093717 0.104130 0.114543 0.124956 0.135369 0.145782 0.156195 0.166608 0.177021 0.187434 0.197847 0.208260 0.218673 0.229086 0.239499 0.249912 0.260325 0.270738 0.281151 0.291563 0.301976 
0.010752 0.021505 0.032257 0.043010 0.053762 0.064514 0.075267 0.086019 0.096771 0.107524 0.118276 0.129029 0.139781 0.150533 0.161286 0.172038 0.182791 0.193543 0.204295 0.215048 0.225800 0.236552 0.247305 0.258057 0.268810 0.279562 0.290314 0.301067 0.311819 
0.011087 0.022175 0.033262 0.044350 0.055437 0.066525 0.077612 0.088700 0.099787 0.110875 0.121962 0.133050 0.144137 0.155225 0.166312 0.177400 0.188487 0.199575 0.210662 0.221750 0.232837 0.243925 0.255012 0.266100 0.277187 0.288275 0.299362 0.310450 0.321537 
0.011418 0.022836 0.034254 0.045673 0.057091 0.068509 0.079927 0.091345 0.102763 0.114182 0.125600 0.137018 0.148436 0.159854 0.171272 0.182690 0.194109 0.205527 0.216945 0.228363 0.239781 0.251199 0.262618 0.274036 0.285454 0.296872 0.308290 0.319708 
0.011744 0.023489 0.035233 0.046977 0.058721 0.070466 0.082210 0.093954 0.105698 0.117443 0.129187 0.140931 0.152675 0.164420 0.176164 0.187908 0.199652 0.211397 0.223141 0.234885 0.246629 0.258374 0.270118 0.281862 0.293606 0.305351 0.317095 0.328839 
0.012066 0.024131 0.036197 0.048263 0.060328 0.072394 0.084460 0.096525 0.108591 0.120657 0.132722 0.144788 0.156854 0.168919 0.180985 0.193051 0.205116 0.217182 0.229247 0.241313 0.253379 0.265444 0.277510 0.289576 0.301641 0.313707 0.325773 0.337838 
0.012382 0.024764 0.037147 0.049529 0.061911 0.074293 0.086676 0.099058 0.111440 0.123822 0.136205 0.148587 0.160969 0.173351 0.185734 0.198116 0.210498 0.222880 0.235262 0.247645 0.260027 0.272409 0.284791 0.297174 0.309556 0.321938 0.334320 0.346703 
0.012694 0.025388 0.038082 0.050775 0.063469 0.076163 0.088857 0.101551 0.114245 0.126939 0.139632 0.152326 0.165020 0.177714 0.190408 0.203102 0.215796 0.228489 0.241183 0.253877 0.266571 0.279265 0.291959 0.304653 0.317346 0.330040 0.342734 0.355428 
0.013000 0.026001 0.039001 0.052002 0.065002 0.078002 0.091003 0.104003 0.117004 0.130004 0.143004 0.156005 0.169005 0.182006 0.195006 0.208006 0.221007 0.234007 0.247008 0.260008 0.273008 0.286009 0.299009 0.312010 0.325010 0.338011 0.351011 0.364011 
0.013302 0.026604 0.039905 0.053207 0.066509 0.079811 0.093112 0.106414 0.119716 0.133018 0.146319 0.159621 0.172923 0.186225 0.199526 0.212828 0.226130 0.239432 0.252733 0.266035 0.279337 0.292639 0.305940 0.319242 0.332544 0.345846 0.359147 0.372449 
0.013598 0.027196 0.040793 0.054391 0.067989 0.081587 0.095184 0.108782 0.122380 0.135978 0.149576 0.163173 0.176771 0.190369 0.203967 0.217564 0.231162 0.244760 0.258358 0.271956 0.285553 0.299151 0.312749 0.326347 0.339944 0.353542 0.367140 0.380738 
0.013888 0.027777 0.041665 0.055553 0.069442 0.083330 0.097219 0.111107 0.124995 0.138884 0.152772 0.166660 0.180549 0.194437 0.208325 0.222214 0.236102 0.249991 0.263879 0.277767 0.291656 0.305544 0.319432 0.333321 0.347209 0.361097 0.374986 0.388874 
0.014173 0.028347 0.042520 0.056694 0.070867 0.085040 0.099214 0.113387 0.127561 0.141734 0.155907 0.170081 0.184254 0.198428 0.212601 0.226774 0.240948 0.255121 0.269295 0.283468 0.297641 0.311815 0.325988 0.340161 0.354335 0.368508 0.382682 0.396855 
0.014453 0.028906 0.043358 0.057811 0.072264 0.086717 0.101169 0.115622 0.130075 0.144528 0.158980 0.173433 0.187886 0.202339 0.216791 0.231244 0.245697 0.260150 0.274602 0.289055 0.303508 0.317961 0.332413 0.346866 0.361319 0.375772 0.390224 0.404677 0.419130 
0.014726 0.029453 0.044179 0.058905 0.073632 0.088358 0.103084 0.117811 0.132537 0.147263 0.161990 0.176716 0.191442 0.206169 0.220895 0.235621 0.250348 0.265074 0.279800 0.294527 0.309253 0.323979 0.338706 0.353432 0.368159 0.382885 0.397611 0.412338 0.427064 
0.014994 0.029988 0.044982 0.059976 0.074970 0.089964 0.104958 0.119952 0.134946 0.149940 0.164934 0.179928 0.194922 0.209916 0.224910 0.239905 0.254899 0.269893 0.284887 0.299881 0.314875 0.329869 0.344863 0.359857 0.374851 0.389845 0.404839 0.419833 0.434827 
0.015256 0.030511 0.045767 0.061023 0.076279 0.091534 0.106790 0.122046 0.137302 0.152557 0.167813 0.183069 0.198324 0.213580 0.228836 0.244092 0.259347 0.274603 0.289859 0.305115 0.320370 0.335626 0.350882 0.366137 0.381393 0.396649 0.411905 0.427160 0.442416 
0.015511 0.031023 0.046534 0.062045 0.077557 0.093068 0.108579 0.124091 0.139602 0.155113 0.170624 0.186136 0.201647 0.217158 0.232670 0.248181 0.263692 0.279204 0.294715 0.310226 0.325738 0.341249 0.356760 0.372272 0.387783 0.403294 0.418806 0.434317 0.449828 
0.015761 0.031521 0.047282 0.063043 0.078804 0.094564 0.110325 0.126086 0.141846 0.157607 0.173368 0.189128 0.204889 0.220650 0.236411 0.252171 0.267932 0.283693 0.299453 0.315214 0.330975 0.346736 0.362496 0.378257 0.394018 0.409778 0.425539 0.441300 0.457060 
0.016004 0.032008 0.048011 0.064015 0.080019 0.096023 0.112027 0.128030 0.144034 0.160038 0.176042 0.192045 0.208049 0.224053 0.240057 0.256061 0.272064 0.288068 0.304072 0.320076 0.336080 0.352083 0.368087 0.384091 0.400095 0.416099 0.432102 0.448106 0.464110 
0.016240 0.032481 0.048721 0.064962 0.081202 0.097443 0.113683 0.129924 0.146164 0.162405 0.178645 0.194886 0.211126 0.227367 0.243607 0.259848 0.276088 0.292328 0.308569 0.324809 0.341050 0.357290 0.373531 0.389771 0.406012 0.422252 0.438493 0.454733 0.470974 
0.016471 0.032941 0.049412 0.065883 0.082353 0.098824 0.115295 0.131765 0.148236 0.164707 0.181177 0.197648 0.214119 0.230589 0.247060 0.263531 0.280001 0.296472 0.312942 0.329413 0.345884 0.362354 0.378825 0.395296 0.411766 0.428237 0.444708 0.461178 0.477649 0.494120 
0.016694 0.033389 0.050083 0.066777 0.083471 0.100166 0.116860 0.133554 0.150248 0.166943 0.183637 0.200331 0.217025 0.233720 0.250414 0.267108 0.283802 0.300497 0.317191 0.333885 0.350579 0.367274 0.383968 0.400662 0.417356 0.434051 0.450745 0.467439 0.484133 0.500828 
0.016911 0.033822 0.050734 0.067645 0.084556 0.101467 0.118378 0.135289 0.152201 0.169112 0.186023 0.202934 0.219845 0.236756 0.253668 0.270579 0.287490 0.304401 0.321312 0.338224 0.355135 0.372046 0.388957 0.405868 0.422779 0.439691 0.456602 0.473513 0.490424 0.507335 
0.017121 0.034243 0.051364 0.068485 0.085607 0.102728 0.119849 0.136971 0.154092 0.171213 0.188335 0.205456 0.222577 0.239699 0.256820 0.273941 0.291063 0.308184 0.325305 0.342427 0.359548 0.376669 0.393791 0.410912 0.428033 0.445155 0.462276 0.479397 0.496519 0.513640 
0.017325 0.034649 0.051974 0.069299 0.086623 0.103948 0.121272 0.138597 0.155922 0.173246 0.190571 0.207896 0.225220 0.242545 0.259870 0.277194 0.294519 0.311844 0.329168 0.346493 0.363817 0.381142 0.398467 0.415791 0.433116 0.450441 0.467765 0.485090 0.502415 0.519739 
0.017521 0.035042 0.052563 0.070084 0.087605 0.105126 0.122647 0.140168 0.157689 0.175210 0.192731 0.210252 0.227773 0.245294 0.262815 0.280336 0.297857 0.315378 0.332899 0.350420 0.367941 0.385462 0.402983 0.420504 0.438025 0.455547 0.473068 0.490589 0.508110 0.525631 0.543152 
0.017710 0.035421 0.053131 0.070842 0.088552 0.106262 0.123973 0.141683 0.159394 0.177104 0.194814 0.212525 0.230235 0.247945 0.265656 0.283366 0.301077 0.318787 0.336497 0.354208 0.371918 0.389629 0.407339 0.425049 0.442760 0.460470 0.478181 0.495891 0.513601 0.531312 0.549022 
0.017893 0.035785 0.053678 0.071571 0.089463 0.107356 0.125249 0.143141 0.161034 0.178927 0.196819 0.214712 0.232605 0.250497 0.268390 0.286283 0.304176 0.322068 0.339961 0.357854 0.375746 0.393639 0.411532 0.429424 0.447317 0.465210 0.483102 0.500995 0.518888 0.536780 0.554673 
0.018068 0.036136 0.054203 0.072271 0.090339 0.108407 0.126475 0.144542 0.162610 0.180678 0.198746 0.216814 0.234881 0.252949 0.271017 0.289085 0.307153 0.325221 0.343288 0.361356 0.379424 0.397492 0.415560 0.433627 0.451695 0.469763 0.487831 0.505899 0.523966 0.542034 0.560102 0.578170 
0.018236 0.036471 0.054707 0.072943 0.091179 0.109414 0.127650 0.145886 0.164121 0.182357 0.200593 0.218829 0.237064 0.255300 0.273536 0.291771 0.310007 0.328243 0.346478 0.364714 0.382950 0.401186 0.419421 0.437657 0.455893 0.474128 0.492364 0.510600 0.528836 0.547071 0.565307 0.583543 
0.018396 0.036793 0.055189 0.073585 0.091982 0.110378 0.128774 0.147171 0.165567 0.183963 0.202359 0.220756 0.239152 0.257548 0.275945 0.294341 0.312737 0.331134 0.349530 0.367926 0.386323 0.404719 0.423115 0.441512 0.459908 0.478304 0.496701 0.515097 0.533493 0.551890 0.570286 0.588682 
0.018550 0.037099 0.055649 0.074198 0.092748 0.111297 0.129847 0.148397 0.166946 0.185496 0.204045 0.222595 0.241144 0.259694 0.278244 0.296793 0.315343 0.333892 0.352442 0.370991 0.389541 0.408091 0.426640 0.445190 0.463739 0.482289 0.500838 0.519388 0.537937 0.556487 0.575037 0.593586 0.612136 
0.018695 0.037391 0.056086 0.074782 0.093477 0.112172 0.130868 0.149563 0.168259 0.186954 0.205649 0.224345 0.243040 0.261736 0.280431 0.299126 0.317822 0.336517 0.355213 0.373908 0.392603 0.411299 0.429994 0.448690 0.467385 0.486080 0.504776 0.523471 0.542167 0.560862 0.579557 0.598253 0.616948 
0.018834 0.037668 0.056501 0.075335 0.094169 0.113003 0.131836 0.150670 0.169504 0.188338 0.207171 0.226005 0.244839 0.263673 0.282506 0.301340 0.320174 0.339008 0.357841 0.376675 0.395509 0.414343 0.433176 0.452010 0.470844 0.489678 0.508511 0.527345 0.546179 0.565013 0.583846 0.602680 0.621514 0.640348 
0.018965 0.037929 0.056894 0.075858 0.094823 0.113787 0.132752 0.151717 0.170681 0.189646 0.208610 0.227575 0.246539 0.265504 0.284469 0.303433 0.322398 0.341362 0.360327 0.379291 0.398256 0.417221 0.436185 0.455150 0.474114 0.493079 0.512043 0.531008 0.549973 0.568937 0.587902 0.606866 0.625831 0.644795 
0.019088 0.038176 0.057263 0.076351 0.095439 0.114527 0.133615 0.152702 0.171790 0.190878 0.209966 0.229054 0.248141 0.267229 0.286317 0.305405 0.324493 0.343581 0.362668 0.381756 0.400844 0.419932 0.439020 0.458107 0.477195 0.496283 0.515371 0.534459 0.553546 0.572634 0.591722 0.610810 0.629898 0.648985 
0.019203 0.038407 0.057610 0.076814 0.096017 0.115220 0.134424 0.153627 0.172831 0.192034 0.211237 0.230441 0.249644 0.268848 0.288051 0.307254 0.326458 0.345661 0.364865 0.384068 0.403272 0.422475 0.441678 0.460882 0.480085 0.499289 0.518492 0.537695 0.556899 0.576102 0.595306 0.614509 0.633712 0.652916 0.672119 
0.019311 0.038623 0.057934 0.077245 0.096557 0.115868 0.135179 0.154491 0.173802 0.193113 0.212425 0.231736 0.251047 0.270359 0.289670 0.308981 0.328293 0.347604 0.366915 0.386226 0.405538 0.424849 0.444160 0.463472 0.482783 0.502094 0.521406 0.540717 0.560028 0.579340 0.598651 0.617962 0.637274 0.656585 0.675896 
0.019412 0.038823 0.058235 0.077646 0.097058 0.116469 0.135881 0.155292 0.174704 0.194115 0.213527 0.232938 0.252350 0.271761 0.291173 0.310584 0.329996 0.349407 0.368819 0.388230 0.407642 0.427053 0.446465 0.465876 0.485288 0.504699 0.524111 0.543522 0.562934 0.582346 0.601757 0.621169 0.640580 0.659992 0.679403 0.698815 
0.019504 0.039008 0.058512 0.078016 0.097520 0.117024 0.136528 0.156032 0.175536 0.195039 0.214543 0.234047 0.253551 0.273055 0.292559 0.312063 0.331567 0.351071 0.370575 0.390079 0.409583 0.429087 0.448591 0.468095 0.487599 0.507103 0.526607 0.546111 0.565614 0.585118 0.604622 0.624126 0.643630 0.663134 0.682638 0.702142 0.721646 
0.019589 0.039177 0.058766 0.078354 0.097943 0.117531 0.137120 0.156709 0.176297 0.195886 0.215474 0.235063 0.254651 0.274240 0.293829 0.313417 0.333006 0.352594 0.372183 0.391772 0.411360 0.430949 0.450537 0.470126 0.489714 0.509303 0.528892 0.548480 0.568069 0.587657 0.607246 0.626834 0.646423 0.666012 0.685600 0.705189 0.724777 
0.019665 0.039331 0.058996 0.078661 0.098327 0.117992 0.137658 0.157323 0.176988 0.196654 0.216319 0.235984 0.255650 0.275315 0.294981 0.314646 0.334311 0.353977 0.373642 0.393307 0.412973 0.432638 0.452303 0.471969 0.491634 0.511300 0.530965 0.550630 0.570296 0.589961 0.609626 0.629292 0.648957 0.668623 0.688288 0.707953 0.727619 0.747284 
0.019734 0.039469 0.059203 0.078937 0.098671 0.118406 0.138140 0.157874 0.177609 0.197343 0.217077 0.236812 0.256546 0.276280 0.296014 0.315749 0.335483 0.355217 0.374952 0.394686 0.414420 0.434155 0.453889 0.473623 0.493357 0.513092 0.532826 0.552560 0.572295 0.592029 0.611763 0.631497 0.651232 0.670966 0.690700 0.710435 0.730169 0.749903 0.769638 
0.019795 0.039591 0.059386 0.079181 0.098977 0.118772 0.138567 0.158363 0.178158 0.197953 0.217749 0.237544 0.257339 0.277135 0.296930 0.316725 0.336521 0.356316 0.376111 0.395907 0.415702 0.435497 0.455293 0.475088 0.494883 0.514679 0.534474 0.554269 0.574065 0.593860 0.613655 0.633451 0.653246 0.673041 0.692837 0.712632 0.732427 0.752223 0.772018 
0.019848 0.039697 0.059545 0.079394 0.099242 0.119091 0.138939 0.158788 0.178636 0.198484 0.218333 0.238181 0.258030 0.277878 0.297727 0.317575 0.337424 0.357272 0.377120 0.396969 0.416817 0.436666 0.456514 0.476363 0.496211 0.516060 0.535908 0.555756 0.575605 0.595453 0.615302 0.635150 0.654999 0.674847 0.694696 0.714544 0.734392 0.754241 0.774089 0.793938 
0.019894 0.039787 0.059681 0.079574 0.099468 0.119362 0.139255 0.159149 0.179043 0.198936 0.218830 0.238723 0.258617 0.278511 0.298404 0.318298 0.338192 0.358085 0.377979 0.397872 0.417766 0.437660 0.457553 0.477447 0.497341 0.517234 0.537128 0.557021 0.576915 0.596809 0.616702 0.636596 0.656490 0.676383 0.696277 0.716170 0.736064 0.755958 0.775851 0.795745 0.815639 
0.019931 0.039862 0.059793 0.079723 0.099654 0.119585 0.139516 0.159447 0.179378 0.199308 0.219239 0.239170 0.259101 0.279032 0.298963 0.318893 0.338824 0.358755 0.378686 0.398617 0.418548 0.438479 0.458409 0.478340 0.498271 0.518202 0.538133 0.558064 0.577994 0.597925 0.617856 0.637787 0.657718 0.677649 0.697579 0.717510 0.737441 0.757372 0.777303 0.797234 0.817165 0.837095 
0.019960 0.039920 0.059880 0.079840 0.099800 0.119761 0.139721 0.159681 0.179641 0.199601 0.219561 0.239521 0.259481 0.279441 0.299401 0.319361 0.339322 0.359282 0.379242 0.399202 0.419162 0.439122 0.459082 0.479042 0.499002 0.518962 0.538922 0.558883 0.578843 0.598803 0.618763 0.638723 0.658683 0.678643 0.698603 0.718563 0.738523 0.758483 0.778443 0.798404 0.818364 0.838324 0.858284 
0.019981 0.039963 0.059944 0.079925 0.099907 0.119888 0.139869 0.159851 0.179832 0.199814 0.219795 0.239776 0.259758 0.279739 0.299720 0.319702 0.339683 0.359664 0.379646 0.399627 0.419608 0.439590 0.459571 0.479552 0.499534 0.519515 0.539497 0.559478 0.579459 0.599441 0.619422 0.639403 0.659385 0.679366 0.699347 0.719329 0.739310 0.759291 0.779273 0.799254 0.819235 0.839217 0.859198 
0.019995 0.039989 0.059984 0.079978 0.099973 0.119968 0.139962 0.159957 0.179952 0.199946 0.219941 0.239935 0.259930 0.279925 0.299919 0.319914 0.339909 0.359903 0.379898 0.399892 0.419887 0.439882 0.459876 0.479871 0.499866 0.519860 0.539855 0.559849 0.579844 0.599839 0.619833 0.639828 0.659823 0.679817 0.699812 0.719806 0.739801 0.759796 0.779790 0.799785 0.819780 0.839774 0.859769 0.879763 
0.020000 0.040000 0.060000 0.080000 0.099999 0.119999 0.139999 0.159999 0.179999 0.199999 0.219999 0.239999 0.259999 0.279999 0.299998 0.319998 0.339998 0.359998 0.379998 0.399998 0.419998 0.439998 0.459998 0.479998 0.499997 0.519997 0.539997 0.559997 0.579997 0.599997 0.619997 0.639997 0.659997 0.679997 0.699996 0.719996 0.739996 0.759996 0.779996 0.799996 0.819996 0.839996 0.859996 0.879996 0.899995 
