0.000000 0.000000 0.000000 0.000000 0.000000 0.000000 0.000000 0.000000 0.000000 0.000000 0.000000 0.000000 0.000000 0.000000 0.000000 0.000000 0.000000 0.000000 0.000000 0.000000 0.000000 0.000000 0.000000 0.000000 0.000000 0.000000 0.000000 0.000000 0.000000 0.000000 0.000000 0.000000 0.000000 0.000000 0.000000 0.000000 0.000000 0.000000 0.000000 0.000000 0.000000 0.000000 0.000000 0.000000 0.000000 0.000000 
0.000400 0.000800 0.001200 0.001600 0.002000 0.002400 0.002800 0.003200 0.003600 0.004000 0.004400 0.004800 0.005200 0.005600 0.006000 0.006400 0.006800 0.007200 0.007599 0.007999 0.008399 0.008799 0.009199 0.009599 0.009999 0.010399 0.010799 0.011199 0.011599 0.011999 0.012399 0.012799 0.013199 0.013599 0.013999 0.014399 0.014799 0.015199 0.015599 0.015999 0.016399 0.016799 0.017199 0.017599 0.017999 
0.000800 0.001600 0.002399 0.003199 0.003999 0.004799 0.005599 0.006398 0.007198 0.007998 0.008798 0.009597 0.010397 0.011197 0.011997 0.012797 0.013596 0.014396 0.015196 0.015996 0.016796 0.017595 0.018395 0.019195 0.019995 0.020794 0.021594 0.022394 0.023194 0.023994 0.024793 0.025593 0.026393 0.027193 0.027993 0.028792 0.029592 0.030392 0.031192 0.031991 0.032791 0.033591 0.034391 0.035191 
0.001199 0.002399 0.003598 0.004797 0.005996 0.007196 0.008395 0.009594 0.010794 0.011993 0.013192 0.014391 0.015591 0.016790 0.017989 0.019188 0.020388 0.021587 0.022786 0.023986 0.025185 0.026384 0.027583 0.028783 0.029982 0.031181 0.032381 0.033580 0.034779 0.035978 0.037178 0.038377 0.039576 0.040776 0.041975 0.043174 0.044373 0.045573 0.046772 0.047971 0.049170 0.050370 0.051569 
0.001598 0.003197 0.004795 0.006393 0.007991 0.009590 0.011188 0.012786 0.014385 0.015983 0.017581 0.019180 0.020778 0.022376 0.023974 0.025573 0.027171 0.028769 0.030368 0.031966 0.033564 0.035162 0.036761 0.038359 0.039957 0.041556 0.043154 0.044752 0.046351 0.047949 0.049547 0.051145 0.052744 0.054342 0.055940 0.057539 0.059137 0.060735 0.062333 0.063932 0.065530 0.067128 
0.001997 0.003993 0.005990 0.007987 0.009983 0.011980 0.013977 0.015973 0.017970 0.019967 0.021963 0.023960 0.025957 0.027953 0.029950 0.031947 0.033943 0.035940 0.037937 0.039933 0.041930 0.043927 0.045923 0.047920 0.049917 0.051913 0.053910 0.055907 0.057903 0.059900 0.061897 0.063893 0.065890 0.067887 0.069883 0.071880 0.073877 0.075873 0.077870 0.079867 0.081863 
0.002394 0.004788 0.007183 0.009577 0.011971 0.014365 0.016760 0.019154 0.021548 0.023942 0.026337 0.028731 0.031125 0.033519 0.035914 0.038308 0.040702 0.043096 0.045491 0.047885 0.050279 0.052673 0.055068 0.057462 0.059856 0.062250 0.064645 0.067039 0.069433 0.071827 0.074222 0.076616 0.079010 0.081404 0.083799 0.086193 0.088587 0.090981 0.093376 0.095770 
0.002791 0.005582 0.008373 0.011163 0.013954 0.016745 0.019536 0.022327 0.025118 0.027909 0.030699 0.033490 0.036281 0.039072 0.041863 0.044654 0.047445 0.050236 0.053026 0.055817 0.058608 0.061399 0.064190 0.066981 0.069772 0.072562 0.075353 0.078144 0.080935 0.083726 0.086517 0.089308 0.092098 0.094889 0.097680 0.100471 0.103262 0.106053 0.108844 
0.003186 0.006373 0.009559 0.012745 0.015932 0.019118 0.022305 0.025491 0.028677 0.031864 0.035050 0.038236 0.041423 0.044609 0.047795 0.050982 0.054168 0.057355 0.060541 0.063727 0.066914 0.070100 0.073286 0.076473 0.079659 0.082845 0.086032 0.089218 0.092405 0.095591 0.098777 0.101964 0.105150 0.108336 0.111523 0.114709 0.117895 0.121082 0.124268 
0.003581 0.007161 0.010742 0.014322 0.017903 0.021484 0.025064 0.028645 0.032225 0.035806 0.039387 0.042967 0.046548 0.050128 0.053709 0.057289 0.060870 0.064451 0.068031 0.071612 0.075192 0.078773 0.082354 0.085934 0.089515 0.093095 0.096676 0.100257 0.103837 0.107418 0.110998 0.114579 0.118160 0.121740 0.125321 0.128901 0.132482 0.136062 
0.003973 0.007947 0.011920 0.015894 0.019867 0.023840 0.027814 0.031787 0.035760 0.039734 0.043707 0.047681 0.051654 0.055627 0.059601 0.063574 0.067548 0.071521 0.075494 0.079468 0.083441 0.087415 0.091388 0.095361 0.099335 0.103308 0.107281 0.111255 0.115228 0.119202 0.123175 0.127148 0.131122 0.135095 0.139069 0.143042 0.147015 
0.004365 0.008729 0.013094 0.017458 0.021823 0.026188 0.030552 0.034917 0.039281 0.043646 0.048011 0.052375 0.056740 0.061104 0.065469 0.069833 0.074198 0.078563 0.082927 0.087292 0.091656 0.096021 0.100386 0.104750 0.109115 0.113479 0.117844 0.122209 0.126573 0.130938 0.135302 0.139667 0.144032 0.148396 0.152761 0.157125 0.161490 
0.004754 0.009508 0.014262 0.019016 0.023770 0.028524 0.033278 0.038032 0.042786 0.047541 0.052295 0.057049 0.061803 0.066557 0.071311 0.076065 0.080819 0.085573 0.090327 0.095081 0.099835 0.104589 0.109343 0.114097 0.118851 0.123605 0.128359 0.133113 0.137868 0.142622 0.147376 0.152130 0.156884 0.161638 0.166392 0.171146 
0.005142 0.010283 0.015425 0.020566 0.025708 0.030850 0.035991 0.041133 0.046274 0.051416 0.056558 0.061699 0.066841 0.071983 0.077124 0.082266 0.087407 0.092549 0.097691 0.102832 0.107974 0.113115 0.118257 0.123399 0.128540 0.133682 0.138823 0.143965 0.149107 0.154248 0.159390 0.164532 0.169673 0.174815 0.179956 0.185098 
0.005527 0.011054 0.016581 0.022108 0.027636 0.033163 0.038690 0.044217 0.049744 0.055271 0.060798 0.066325 0.071852 0.077380 0.082907 0.088434 0.093961 0.099488 0.105015 0.110542 0.116069 0.121596 0.127124 0.132651 0.138178 0.143705 0.149232 0.154759 0.160286 0.165813 0.171341 0.176868 0.182395 0.187922 0.193449 
0.005910 0.011821 0.017731 0.023642 0.029552 0.035462 0.041373 0.047283 0.053194 0.059104 0.065014 0.070925 0.076835 0.082746 0.088656 0.094566 0.100477 0.106387 0.112298 0.118208 0.124118 0.130029 0.135939 0.141850 0.147760 0.153671 0.159581 0.165491 0.171402 0.177312 0.183223 0.189133 0.195043 0.200954 0.206864 
0.006291 0.012583 0.018874 0.025165 0.031457 0.037748 0.044039 0.050331 0.056622 0.062913 0.069205 0.075496 0.081787 0.088079 0.094370 0.100661 0.106953 0.113244 0.119535 0.125827 0.132118 0.138409 0.144701 0.150992 0.157283 0.163575 0.169866 0.176157 0.182449 0.188740 0.195031 0.201323 0.207614 0.213905 
0.006670 0.013339 0.020009 0.026679 0.033349 0.040018 0.046688 0.053358 0.060028 0.066697 0.073367 0.080037 0.086707 0.093376 0.100046 0.106716 0.113386 0.120055 0.126725 0.133395 0.140065 0.146734 0.153404 0.160074 0.166744 0.173413 0.180083 0.186753 0.193423 0.200092 0.206762 0.213432 0.220101 0.226771 
0.007045 0.014091 0.021136 0.028182 0.035227 0.042273 0.049318 0.056364 0.063409 0.070455 0.077500 0.084546 0.091591 0.098637 0.105682 0.112728 0.119773 0.126819 0.133864 0.140910 0.147955 0.155001 0.162046 0.169092 0.176137 0.183183 0.190228 0.197274 0.204319 0.211365 0.218410 0.225456 0.232501 
0.007418 0.014837 0.022255 0.029674 0.037092 0.044510 0.051929 0.059347 0.066766 0.074184 0.081603 0.089021 0.096439 0.103858 0.111276 0.118695 0.126113 0.133531 0.140950 0.148368 0.155787 0.163205 0.170623 0.178042 0.185460 0.192879 0.200297 0.207715 0.215134 0.222552 0.229971 0.237389 0.244808 
0.007788 0.015577 0.023365 0.031153 0.038942 0.046730 0.054519 0.062307 0.070095 0.077884 0.085672 0.093460 0.101249 0.109037 0.116826 0.124614 0.132402 0.140191 0.147979 0.155767 0.163556 0.171344 0.179132 0.186921 0.194709 0.202498 0.210286 0.218074 0.225863 0.233651 0.241439 0.249228 
0.008155 0.016310 0.024466 0.032621 0.040776 0.048931 0.057086 0.065242 0.073397 0.081552 0.089707 0.097863 0.106018 0.114173 0.122328 0.130483 0.138639 0.146794 0.154949 0.163104 0.171259 0.179415 0.187570 0.195725 0.203880 0.212035 0.220191 0.228346 0.236501 0.244656 0.252811 0.260967 
0.008519 0.017038 0.025556 0.034075 0.042594 0.051113 0.059632 0.068150 0.076669 0.085188 0.093707 0.102225 0.110744 0.119263 0.127782 0.136301 0.144819 0.153338 0.161857 0.170376 0.178895 0.187413 0.195932 0.204451 0.212970 0.221489 0.230007 0.238526 0.247045 0.255564 0.264082 0.272601 
0.008879 0.017758 0.026637 0.035516 0.044395 0.053274 0.062153 0.071032 0.079911 0.088790 0.097669 0.106548 0.115427 0.124305 0.133184 0.142063 0.150942 0.159821 0.168700 0.177579 0.186458 0.195337 0.204216 0.213095 0.221974 0.230853 0.239732 0.248611 0.257490 0.266369 0.275248 
0.009236 0.018471 0.027707 0.036942 0.046178 0.055414 0.064649 0.073885 0.083120 0.092356 0.101591 0.110827 0.120063 0.129298 0.138534 0.147769 0.157005 0.166241 0.175476 0.184712 0.193947 0.203183 0.212418 0.221654 0.230890 0.240125 0.249361 0.258596 0.267832 0.277068 0.286303 
0.009589 0.019177 0.028766 0.038354 0.047943 0.057531 0.067120 0.076708 0.086297 0.095885 0.105474 0.115062 0.124651 0.134239 0.143828 0.153416 0.163005 0.172593 0.182182 0.191770 0.201359 0.210947 0.220536 0.230124 0.239713 0.249301 0.258890 0.268478 0.278067 0.287655 0.297244 
0.009938 0.019875 0.029813 0.039750 0.049688 0.059626 0.069563 0.079501 0.089438 0.099376 0.109314 0.119251 0.129189 0.139126 0.149064 0.159002 0.168939 0.178877 0.188814 0.198752 0.208690 0.218627 0.228565 0.238502 0.248440 0.258378 0.268315 0.278253 0.288190 0.298128 
0.010283 0.020565 0.030848 0.041131 0.051414 0.061696 0.071979 0.082262 0.092544 0.102827 0.113110 0.123393 0.133675 0.143958 0.154241 0.164524 0.174806 0.185089 0.195372 0.205654 0.215937 0.226220 0.236503 0.246785 0.257068 0.267351 0.277633 0.287916 0.298199 0.308482 
0.010624 0.021247 0.031871 0.042495 0.053119 0.063742 0.074366 0.084990 0.095614 0.106237 0.116861 0.127485 0.138108 0.148732 0.159356 0.169980 0.180603 0.191227 0.201851 0.212474 0.223098 0.233722 0.244346 0.254969 0.265593 0.276217 0.286841 0.297464 0.308088 0.318712 
0.010960 0.021921 0.032881 0.043842 0.054802 0.065763 0.076723 0.087684 0.098644 0.109605 0.120565 0.131526 0.142486 0.153447 0.164407 0.175368 0.186328 0.197289 0.208249 0.219210 0.230170 0.241131 0.252091 0.263051 0.274012 0.284972 0.295933 0.306893 0.317854 0.328814 
0.011293 0.022586 0.033879 0.045171 0.056464 0.067757 0.079050 0.090343 0.101636 0.112928 0.124221 0.135514 0.146807 0.158100 0.169393 0.180686 0.191978 0.203271 0.214564 0.225857 0.237150 0.248443 0.259736 0.271028 0.282321 0.293614 0.304907 0.316200 0.327493 0.338785 
0.011621 0.023241 0.034862 0.046483 0.058104 0.069724 0.081345 0.092966 0.104586 0.116207 0.127828 0.139448 0.151069 0.162690 0.174311 0.185931 0.197552 0.209173 0.220793 0.232414 0.244035 0.255655 0.267276 0.278897 0.290518 0.302138 0.313759 0.325380 0.337000 
0.011944 0.023888 0.035832 0.047776 0.059720 0.071663 0.083607 0.095551 0.107495 0.119439 0.131383 0.143327 0.155271 0.167215 0.179159 0.191103 0.203046 0.214990 0.226934 0.238878 0.250822 0.262766 0.274710 0.286654 0.298598 0.310542 0.322486 0.334429 0.346373 
0.012262 0.024525 0.036787 0.049049 0.061312 0.073574 0.085836 0.098099 0.110361 0.122623 0.134886 0.147148 0.159410 0.171673 0.183935 0.196197 0.208460 0.220722 0.232984 0.245247 0.257509 0.269771 0.282034 0.294296 0.306558 0.318821 0.331083 0.343345 0.355608 
0.012576 0.025152 0.037728 0.050303 0.062879 0.075455 0.088031 0.100607 0.113183 0.125759 0.138334 0.150910 0.163486 0.176062 0.188638 0.201214 0.213790 0.226365 0.238941 0.251517 0.264093 0.276669 0.289245 0.301821 0.314397 0.326972 0.339548 0.352124 0.364700 
0.012884 0.025769 0.038653 0.051537 0.064422 0.077306 0.090190 0.103075 0.115959 0.128844 0.141728 0.154612 0.167497 0.180381 0.193265 0.206150 0.219034 0.231918 0.244803 0.257687 0.270571 0.283456 0.296340 0.309224 0.322109 0.334993 0.347878 0.360762 0.373646 
0.013188 0.026375 0.039563 0.052751 0.065938 0.079126 0.092314 0.105502 0.118689 0.131877 0.145065 0.158252 0.171440 0.184628 0.197815 0.211003 0.224191 0.237378 0.250566 0.263754 0.276942 0.290129 0.303317 0.316505 0.329692 0.342880 0.356068 0.369255 0.382443 
0.013486 0.026972 0.040457 0.053943 0.067429 0.080915 0.094400 0.107886 0.121372 0.134858 0.148343 0.161829 0.175315 0.188801 0.202286 0.215772 0.229258 0.242744 0.256229 0.269715 0.283201 0.296687 0.310172 0.323658 0.337144 0.350630 0.364115 0.377601 0.391087 
0.013778 0.027557 0.041335 0.055114 0.068892 0.082671 0.096449 0.110227 0.124006 0.137784 0.151563 0.165341 0.179120 0.192898 0.206676 0.220455 0.234233 0.248012 0.261790 0.275569 0.289347 0.303125 0.316904 0.330682 0.344461 0.358239 0.372018 0.385796 0.399574 
0.014066 0.028131 0.042197 0.056262 0.070328 0.084394 0.098459 0.112525 0.126590 0.140656 0.154721 0.168787 0.182853 0.196918 0.210984 0.225049 0.239115 0.253181 0.267246 0.281312 0.295377 0.309443 0.323509 0.337574 0.351640 0.365705 0.379771 0.393836 
0.014347 0.028694 0.043041 0.057388 0.071736 0.086083 0.100430 0.114777 0.129124 0.143471 0.157818 0.172165 0.186513 0.200860 0.215207 0.229554 0.243901 0.258248 0.272595 0.286942 0.301290 0.315637 0.329984 0.344331 0.358678 0.373025 0.387372 0.401719 
0.014623 0.029246 0.043869 0.058492 0.073115 0.087737 0.102360 0.116983 0.131606 0.146229 0.160852 0.175475 0.190098 0.204721 0.219344 0.233967 0.248590 0.263212 0.277835 0.292458 0.307081 0.321704 0.336327 0.350950 0.365573 0.380196 0.394819 0.409442 
0.014893 0.029786 0.044679 0.059571 0.074464 0.089357 0.104250 0.119143 0.134036 0.148929 0.163821 0.178714 0.193607 0.208500 0.223393 0.238286 0.253179 0.268072 0.282964 0.297857 0.312750 0.327643 0.342536 0.357429 0.372322 0.387214 0.402107 0.417000 
0.015157 0.030314 0.045471 0.060627 0.075784 0.090941 0.106098 0.121255 0.136412 0.151569 0.166725 0.181882 0.197039 0.212196 0.227353 0.242510 0.257666 0.272823 0.287980 0.303137 0.318294 0.333451 0.348608 0.363764 0.378921 0.394078 0.409235 0.424392 
0.015415 0.030830 0.046244 0.061659 0.077074 0.092489 0.107903 0.123318 0.138733 0.154148 0.169563 0.184977 0.200392 0.215807 0.231222 0.246636 0.262051 0.277466 0.292881 0.308296 0.323710 0.339125 0.354540 0.369955 0.385369 0.400784 0.416199 0.431614 
0.015667 0.031333 0.047000 0.062666 0.078333 0.093999 0.109666 0.125332 0.140999 0.156665 0.172332 0.187998 0.203665 0.219332 0.234998 0.250665 0.266331 0.281998 0.297664 0.313331 0.328997 0.344664 0.360330 0.375997 0.391663 0.407330 0.422997 0.438663 
0.015912 0.031824 0.047736 0.063648 0.079560 0.095472 0.111384 0.127296 0.143208 0.159120 0.175032 0.190944 0.206856 0.222768 0.238680 0.254593 0.270505 0.286417 0.302329 0.318241 0.334153 0.350065 0.365977 0.381889 0.397801 0.413713 0.429625 0.445537 
0.016151 0.032302 0.048453 0.064605 0.080756 0.096907 0.113058 0.129209 0.145360 0.161512 0.177663 0.193814 0.209965 0.226116 0.242267 0.258419 0.274570 0.290721 0.306872 0.323023 0.339174 0.355326 0.371477 0.387628 0.403779 0.419930 0.436081 0.452233 
0.016384 0.032768 0.049151 0.065535 0.081919 0.098303 0.114687 0.131071 0.147454 0.163838 0.180222 0.196606 0.212990 0.229374 0.245757 0.262141 0.278525 0.294909 0.311293 0.327677 0.344060 0.360444 0.376828 0.393212 0.409596 0.425980 0.442363 0.458747 
0.016610 0.033220 0.049830 0.066440 0.083050 0.099660 0.116270 0.132880 0.149490 0.166099 0.182709 0.199319 0.215929 0.232539 0.249149 0.265759 0.282369 0.298979 0.315589 0.332199 0.348809 0.365419 0.382029 0.398639 0.415249 0.431859 0.448469 0.465079 0.481688 
0.016829 0.033659 0.050488 0.067318 0.084147 0.100977 0.117806 0.134635 0.151465 0.168294 0.185124 0.201953 0.218782 0.235612 0.252441 0.269271 0.286100 0.302930 0.319759 0.336588 0.353418 0.370247 0.387077 0.403906 0.420735 0.437565 0.454394 0.471224 0.488053 
0.017042 0.034084 0.051126 0.068169 0.085211 0.102253 0.119295 0.136337 0.153379 0.170422 0.187464 0.204506 0.221548 0.238590 0.255632 0.272675 0.289717 0.306759 0.323801 0.340843 0.357885 0.374928 0.391970 0.409012 0.426054 0.443096 0.460138 0.477180 0.494223 
0.017248 0.034496 0.051744 0.068992 0.086240 0.103489 0.120737 0.137985 0.155233 0.172481 0.189729 0.206977 0.224225 0.241473 0.258721 0.275969 0.293217 0.310466 0.327714 0.344962 0.362210 0.379458 0.396706 0.413954 0.431202 0.448450 0.465698 0.482946 0.500194 
0.017447 0.034894 0.052341 0.069788 0.087236 0.104683 0.122130 0.139577 0.157024 0.174471 0.191918 0.209365 0.226812 0.244260 0.261707 0.279154 0.296601 0.314048 0.331495 0.348942 0.366389 0.383836 0.401284 0.418731 0.436178 0.453625 0.471072 0.488519 0.505966 
0.017639 0.035278 0.052917 0.070557 0.088196 0.105835 0.123474 0.141113 0.158752 0.176392 0.194031 0.211670 0.229309 0.246948 0.264587 0.282226 0.299866 0.317505 0.335144 0.352783 0.370422 0.388061 0.405701 0.423340 0.440979 0.458618 0.476257 0.493896 0.511536 
0.017824 0.035648 0.053472 0.071297 0.089121 0.106945 0.124769 0.142593 0.160417 0.178241 0.196066 0.213890 0.231714 0.249538 0.267362 0.285186 0.303011 0.320835 0.338659 0.356483 0.374307 0.392131 0.409955 0.427780 0.445604 0.463428 0.481252 0.499076 0.516900 
0.018002 0.036004 0.054006 0.072008 0.090010 0.108012 0.126014 0.144016 0.162018 0.180020 0.198022 0.216024 0.234026 0.252028 0.270030 0.288032 0.306034 0.324036 0.342038 0.360040 0.378042 0.396044 0.414046 0.432048 0.450050 0.468052 0.486054 0.504056 0.522058 
0.018173 0.036345 0.054518 0.072691 0.090863 0.109036 0.127209 0.145381 0.163554 0.181727 0.199899 0.218072 0.236245 0.254417 0.272590 0.290763 0.308935 0.327108 0.345281 0.363453 0.381626 0.399799 0.417971 0.436144 0.454317 0.472489 0.490662 0.508835 0.527007 0.545180 
0.018336 0.036672 0.055008 0.073344 0.091680 0.110016 0.128352 0.146688 0.165025 0.183361 0.201697 0.220033 0.238369 0.256705 0.275041 0.293377 0.311713 0.330049 0.348385 0.366721 0.385057 0.403393 0.421729 0.440065 0.458402 0.476738 0.495074 0.513410 0.531746 0.550082 
0.018492 0.036984 0.055476 0.073968 0.092461 0.110953 0.129445 0.147937 0.166429 0.184921 0.203413 0.221905 0.240398 0.258890 0.277382 0.295874 0.314366 0.332858 0.351350 0.369842 0.388335 0.406827 0.425319 0.443811 0.462303 0.480795 0.499287 0.517779 0.536271 0.554764 
0.018641 0.037282 0.055922 0.074563 0.093204 0.111845 0.130485 0.149126 0.167767 0.186408 0.205049 0.223689 0.242330 0.260971 0.279612 0.298253 0.316893 0.335534 0.354175 0.372816 0.391456 0.410097 0.428738 0.447379 0.466020 0.484660 0.503301 0.521942 0.540583 0.559223 
0.018782 0.037564 0.056346 0.075128 0.093910 0.112692 0.131474 0.150256 0.169038 0.187820 0.206602 0.225384 0.244166 0.262948 0.281730 0.300512 0.319294 0.338076 0.356858 0.375640 0.394422 0.413204 0.431986 0.450768 0.469550 0.488332 0.507114 0.525896 0.544678 0.563460 0.582242 
0.018916 0.037831 0.056747 0.075663 0.094578 0.113494 0.132410 0.151325 0.170241 0.189157 0.208072 0.226988 0.245904 0.264820 0.283735 0.302651 0.321567 0.340482 0.359398 0.378314 0.397229 0.416145 0.435061 0.453976 0.472892 0.491808 0.510723 0.529639 0.548555 0.567470 0.586386 
0.019042 0.038084 0.057125 0.076167 0.095209 0.114251 0.133293 0.152334 0.171376 0.190418 0.209460 0.228502 0.247543 0.266585 0.285627 0.304669 0.323711 0.342753 0.361794 0.380836 0.399878 0.418920 0.437962 0.457003 0.476045 0.495087 0.514129 0.533171 0.552212 0.571254 0.590296 
0.019160 0.038321 0.057481 0.076641 0.095802 0.114962 0.134122 0.153283 0.172443 0.191603 0.210763 0.229924 0.249084 0.268244 0.287405 0.306565 0.325725 0.344886 0.364046 0.383206 0.402367 0.421527 0.440687 0.459848 0.479008 0.498168 0.517329 0.536489 0.555649 0.574810 0.593970 0.613130 
0.019271 0.038542 0.057813 0.077085 0.096356 0.115627 0.134898 0.154169 0.173440 0.192712 0.211983 0.231254 0.250525 0.269796 0.289067 0.308339 0.327610 0.346881 0.366152 0.385423 0.404694 0.423966 0.443237 0.462508 0.481779 0.501050 0.520321 0.539593 0.558864 0.578135 0.597406 0.616677 
0.019374 0.038749 0.058123 0.077497 0.096872 0.116246 0.135620 0.154994 0.174369 0.193743 0.213117 0.232492 0.251866 0.271240 0.290615 0.309989 0.329363 0.348737 0.368112 0.387486 0.406860 0.426235 0.445609 0.464983 0.484358 0.503732 0.523106 0.542480 0.561855 0.581229 0.600603 0.619978 
0.019470 0.038939 0.058409 0.077879 0.097348 0.116818 0.136288 0.155758 0.175227 0.194697 0.214167 0.233636 0.253106 0.272576 0.292045 0.311515 0.330985 0.350454 0.369924 0.389394 0.408864 0.428333 0.447803 0.467273 0.486742 0.506212 0.525682 0.545151 0.564621 0.584091 0.603560 0.623030 0.642500 
0.019557 0.039115 0.058672 0.078229 0.097786 0.117344 0.136901 0.156458 0.176016 0.195573 0.215130 0.234688 0.254245 0.273802 0.293359 0.312917 0.332474 0.352031 0.371589 0.391146 0.410703 0.430260 0.449818 0.469375 0.488932 0.508490 0.528047 0.547604 0.567161 0.586719 0.606276 0.625833 0.645391 
0.019637 0.039274 0.058911 0.078548 0.098185 0.117822 0.137459 0.157097 0.176734 0.196371 0.216008 0.235645 0.255282 0.274919 0.294556 0.314193 0.333830 0.353467 0.373104 0.392741 0.412378 0.432016 0.451653 0.471290 0.490927 0.510564 0.530201 0.549838 0.569475 0.589112 0.608749 0.628386 0.648023 0.667660 
0.019709 0.039418 0.059127 0.078836 0.098545 0.118254 0.137963 0.157672 0.177381 0.197090 0.216799 0.236508 0.256217 0.275926 0.295635 0.315344 0.335053 0.354762 0.374471 0.394180 0.413889 0.433598 0.453307 0.473016 0.492725 0.512434 0.532143 0.551852 0.571561 0.591270 0.610979 0.630688 0.650397 0.670106 
0.019773 0.039546 0.059319 0.079092 0.098865 0.118638 0.138411 0.158184 0.177957 0.197730 0.217503 0.237276 0.257049 0.276822 0.296596 0.316369 0.336142 0.355915 0.375688 0.395461 0.415234 0.435007 0.454780 0.474553 0.494326 0.514099 0.533872 0.553645 0.573418 0.593191 0.612964 0.632737 0.652510 0.672283 0.692056 
0.019829 0.039658 0.059488 0.079317 0.099146 0.118975 0.138804 0.158633 0.178463 0.198292 0.218121 0.237950 0.257779 0.277608 0.297438 0.317267 0.337096 0.356925 0.376754 0.396583 0.416413 0.436242 0.456071 0.475900 0.495729 0.515558 0.535388 0.555217 0.575046 0.594875 0.614704 0.634533 0.654363 0.674192 0.694021 
0.019877 0.039755 0.059632 0.079509 0.099387 0.119264 0.139142 0.159019 0.178896 0.198774 0.218651 0.238528 0.258406 0.278283 0.298161 0.318038 0.337915 0.357793 0.377670 0.397547 0.417425 0.437302 0.457179 0.477057 0.496934 0.516812 0.536689 0.556566 0.576444 0.596321 0.616198 0.636076 0.655953 0.675830 0.695708 0.715585 
0.019918 0.039835 0.059753 0.079670 0.099588 0.119506 0.139423 0.159341 0.179259 0.199176 0.219094 0.239011 0.258929 0.278847 0.298764 0.318682 0.338599 0.358517 0.378435 0.398352 0.418270 0.438188 0.458105 0.478023 0.497940 0.517858 0.537776 0.557693 0.577611 0.597529 0.617446 0.637364 0.657281 0.677199 0.697117 0.717034 0.736952 
0.019950 0.039900 0.059850 0.079800 0.099749 0.119699 0.139649 0.159599 0.179549 0.199499 0.219449 0.239399 0.259349 0.279299 0.299248 0.319198 0.339148 0.359098 0.379048 0.398998 0.418948 0.438898 0.458848 0.478798 0.498747 0.518697 0.538647 0.558597 0.578547 0.598497 0.618447 0.638397 0.658347 0.678297 0.698246 0.718196 0.738146 0.758096 
0.019974 0.039948 0.059923 0.079897 0.099871 0.119845 0.139819 0.159794 0.179768 0.199742 0.219716 0.239690 0.259665 0.279639 0.299613 0.319587 0.339561 0.359536 0.379510 0.399484 0.419458 0.439432 0.459407 0.479381 0.499355 0.519329 0.539303 0.559278 0.579252 0.599226 0.619200 0.639174 0.659149 0.679123 0.699097 0.719071 0.739046 0.759020 0.778994 
0.019991 0.039981 0.059972 0.079962 0.099953 0.119943 0.139934 0.159924 0.179915 0.199905 0.219896 0.239886 0.259877 0.279867 0.299858 0.319848 0.339839 0.359829 0.379820 0.399810 0.419801 0.439791 0.459782 0.479772 0.499763 0.519753 0.539744 0.559734 0.579725 0.599715 0.619706 0.639697 0.659687 0.679678 0.699668 0.719659 0.739649 0.759640 0.779630 0.799621 
0.019999 0.039998 0.059997 0.079995 0.099994 0.119993 0.139992 0.159991 0.179990 0.199988 0.219987 0.239986 0.259985 0.279984 0.299983 0.319981 0.339980 0.359979 0.379978 0.399977 0.419976 0.439974 0.459973 0.479972 0.499971 0.519970 0.539969 0.559967 0.579966 0.599965 0.619964 0.639963 0.659962 0.679960 0.699959 0.719958 0.739957 0.759956 0.779955 0.799953 
0.019999 0.039998 0.059997 0.079997 0.099996 0.119995 0.139994 0.159993 0.179992 0.199992 0.219991 0.239990 0.259989 0.279988 0.299987 0.319986 0.339986 0.359985 0.379984 0.399983 0.419982 0.439981 0.459981 0.479980 0.499979 0.519978 0.539977 0.559976 0.579975 0.599975 0.619974 0.639973 0.659972 0.679971 0.699970 0.719970 0.739969 0.759968 0.779967 
0.019991 0.039983 0.059974 0.079966 0.099957 0.119949 0.139940 0.159932 0.179923 0.199915 0.219906 0.239898 0.259889 0.279881 0.299872 0.319864 0.339855 0.359846 0.379838 0.399829 0.419821 0.439812 0.459804 0.479795 0.499787 0.519778 0.539770 0.559761 0.579753 0.599744 0.619736 0.639727 0.659719 0.679710 0.699702 0.719693 0.739684 0.759676 0.779667 
0.019976 0.039952 0.059927 0.079903 0.099879 0.119855 0.139831 0.159806 0.179782 0.199758 0.219734 0.239710 0.259685 0.279661 0.299637 0.319613 0.339589 0.359564 0.379540 0.399516 0.419492 0.439467 0.459443 0.479419 0.499395 0.519371 0.539346 0.559322 0.579298 0.599274 0.619250 0.639225 0.659201 0.679177 0.699153 0.719129 0.739104 0.759080 
0.019952 0.039904 0.059856 0.079809 0.099761 0.119713 0.139665 0.159617 0.179569 0.199521 0.219473 0.239426 0.259378 0.279330 0.299282 0.319234 0.339186 0.359138 0.379090 0.399043 0.418995 0.438947 0.458899 0.478851 0.498803 0.518755 0.538707 0.558660 0.578612 0.598564 0.618516 0.638468 0.658420 0.678372 0.698324 0.718277 0.738229 
0.019920 0.039841 0.059761 0.079682 0.099602 0.119523 0.139443 0.159364 0.179284 0.199205 0.219125 0.239046 0.258966 0.278887 0.298807 0.318728 0.338648 0.358569 0.378489 0.398410 0.418330 0.438251 0.458171 0.478092 0.498012 0.517932 0.537853 0.557773 0.577694 0.597614 0.617535 0.637455 0.657376 0.677296 0.697217 0.717137 
0.019881 0.039762 0.059643 0.079523 0.099404 0.119285 0.139166 0.159047 0.178928 0.198809 0.218690 0.238570 0.258451 0.278332 0.298213 0.318094 0.337975 0.357856 0.377736 0.397617 0.417498 0.437379 0.457260 0.477141 0.497022 0.516902 0.536783 0.556664 0.576545 0.596426 0.616307 0.636188 0.656069 0.675949 0.695830 0.715711 
0.019833 0.039667 0.059500 0.079333 0.099166 0.119000 0.138833 0.158666 0.178500 0.198333 0.218166 0.238000 0.257833 0.277666 0.297499 0.317333 0.337166 0.356999 0.376833 0.396666 0.416499 0.436333 0.456166 0.475999 0.495832 0.515666 0.535499 0.555332 0.575166 0.594999 0.614832 0.634665 0.654499 0.674332 0.694165 
0.019778 0.039556 0.059333 0.079111 0.098889 0.118667 0.138445 0.158222 0.178000 0.197778 0.217556 0.237334 0.257111 0.276889 0.296667 0.316445 0.336223 0.356000 0.375778 0.395556 0.415334 0.435111 0.454889 0.474667 0.494445 0.514223 0.534000 0.553778 0.573556 0.593334 0.613112 0.632889 0.652667 0.672445 
0.019714 0.039429 0.059143 0.078858 0.098572 0.118286 0.138001 0.157715 0.177429 0.197144 0.216858 0.236573 0.256287 0.276001 0.295716 0.315430 0.335145 0.354859 0.374573 0.394288 0.414002 0.433716 0.453431 0.473145 0.492860 0.512574 0.532288 0.552003 0.571717 0.591432 0.611146 0.630860 0.650575 0.670289 
0.019643 0.039286 0.058929 0.078572 0.098215 0.117859 0.137502 0.157145 0.176788 0.196431 0.216074 0.235717 0.255360 0.275003 0.294646 0.314289 0.333932 0.353576 0.373219 0.392862 0.412505 0.432148 0.451791 0.471434 0.491077 0.510720 0.530363 0.550006 0.569650 0.589293 0.608936 0.628579 0.648222 
0.019564 0.039128 0.058692 0.078256 0.097820 0.117384 0.136948 0.156511 0.176075 0.195639 0.215203 0.234767 0.254331 0.273895 0.293459 0.313023 0.332587 0.352151 0.371715 0.391279 0.410843 0.430407 0.449970 0.469534 0.489098 0.508662 0.528226 0.547790 0.567354 0.586918 0.606482 0.626046 0.645610 
0.019477 0.038954 0.058431 0.077908 0.097385 0.116862 0.136339 0.155816 0.175293 0.194770 0.214246 0.233723 0.253200 0.272677 0.292154 0.311631 0.331108 0.350585 0.370062 0.389539 0.409016 0.428493 0.447970 0.467447 0.486924 0.506401 0.525878 0.545355 0.564832 0.584309 0.603786 0.623262 
0.019382 0.038764 0.058147 0.077529 0.096911 0.116293 0.135675 0.155057 0.174440 0.193822 0.213204 0.232586 0.251968 0.271351 0.290733 0.310115 0.329497 0.348879 0.368261 0.387644 0.407026 0.426408 0.445790 0.465172 0.484555 0.503937 0.523319 0.542701 0.562083 0.581465 0.600848 0.620230 
0.019280 0.038559 0.057839 0.077119 0.096398 0.115678 0.134958 0.154237 0.173517 0.192797 0.212076 0.231356 0.250636 0.269915 0.289195 0.308475 0.327754 0.347034 0.366314 0.385593 0.404873 0.424153 0.443432 0.462712 0.481991 0.501271 0.520551 0.539830 0.559110 0.578390 0.597669 0.616949 
0.019169 0.038339 0.057508 0.076678 0.095847 0.115017 0.134186 0.153355 0.172525 0.191694 0.210864 0.230033 0.249203 0.268372 0.287541 0.306711 0.325880 0.345050 0.364219 0.383389 0.402558 0.421727 0.440897 0.460066 0.479236 0.498405 0.517574 0.536744 0.555913 0.575083 0.594252 
0.019052 0.038103 0.057155 0.076206 0.095258 0.114309 0.133361 0.152412 0.171464 0.190515 0.209567 0.228618 0.247670 0.266721 0.285773 0.304824 0.323876 0.342927 0.361979 0.381030 0.400082 0.419134 0.438185 0.457237 0.476288 0.495340 0.514391 0.533443 0.552494 0.571546 0.590597 
0.018926 0.037852 0.056778 0.075704 0.094630 0.113556 0.132482 0.151408 0.170334 0.189260 0.208186 0.227112 0.246038 0.264964 0.283890 0.302816 0.321742 0.340668 0.359594 0.378520 0.397446 0.416372 0.435298 0.454224 0.473150 0.492076 0.511002 0.529928 0.548854 0.567780 0.586706 
0.018793 0.037586 0.056379 0.075172 0.093965 0.112757 0.131550 0.150343 0.169136 0.187929 0.206722 0.225515 0.244308 0.263101 0.281894 0.300687 0.319479 0.338272 0.357065 0.375858 0.394651 0.413444 0.432237 0.451030 0.469823 0.488616 0.507409 0.526201 0.544994 0.563787 
0.018652 0.037305 0.055957 0.074609 0.093262 0.111914 0.130566 0.149218 0.167871 0.186523 0.205175 0.223828 0.242480 0.261132 0.279785 0.298437 0.317089 0.335741 0.354394 0.373046 0.391698 0.410351 0.429003 0.447655 0.466308 0.484960 0.503612 0.522264 0.540917 0.559569 
0.018504 0.037008 0.055513 0.074017 0.092521 0.111025 0.129530 0.148034 0.166538 0.185042 0.203547 0.222051 0.240555 0.259059 0.277563 0.296068 0.314572 0.333076 0.351580 0.370085 0.388589 0.407093 0.425597 0.444102 0.462606 0.481110 0.499614 0.518118 0.536623 0.555127 
0.018349 0.036698 0.055046 0.073395 0.091744 0.110093 0.128441 0.146790 0.165139 0.183488 0.201836 0.220185 0.238534 0.256883 0.275231 0.293580 0.311929 0.330278 0.348626 0.366975 0.385324 0.403673 0.422021 0.440370 0.458719 0.477068 0.495416 0.513765 0.532114 0.550463 
0.018186 0.036372 0.054558 0.072744 0.090930 0.109116 0.127302 0.145488 0.163674 0.181859 0.200045 0.218231 0.236417 0.254603 0.272789 0.290975 0.309161 0.327347 0.345533 0.363719 0.381905 0.400091 0.418277 0.436463 0.454649 0.472835 0.491021 0.509207 0.527393 
0.018016 0.036032 0.054048 0.072063 0.090079 0.108095 0.126111 0.144127 0.162143 0.180159 0.198175 0.216190 0.234206 0.252222 0.270238 0.288254 0.306270 0.324286 0.342301 0.360317 0.378333 0.396349 0.414365 0.432381 0.450397 0.468412 0.486428 0.504444 0.522460 
0.017839 0.035677 0.053516 0.071354 0.089193 0.107031 0.124870 0.142709 0.160547 0.178386 0.196224 0.214063 0.231901 0.249740 0.267579 0.285417 0.303256 0.321094 0.338933 0.356771 0.374610 0.392449 0.410287 0.428126 0.445964 0.463803 0.481641 0.499480 0.517319 
0.017654 0.035308 0.052962 0.070617 0.088271 0.105925 0.123579 0.141233 0.158887 0.176541 0.194196 0.211850 0.229504 0.247158 0.264812 0.282466 0.300120 0.317775 0.335429 0.353083 0.370737 0.388391 0.406045 0.423700 0.441354 0.459008 0.476662 0.494316 0.511970 
0.017463 0.034925 0.052388 0.069851 0.087313 0.104776 0.122239 0.139701 0.157164 0.174627 0.192089 0.209552 0.227015 0.244477 0.261940 0.279403 0.296865 0.314328 0.331791 0.349253 0.366716 0.384179 0.401641 0.419104 0.436566 0.454029 0.471492 0.488954 0.506417 
0.017264 0.034528 0.051793 0.069057 0.086321 0.103585 0.120849 0.138113 0.155378 0.172642 0.189906 0.207170 0.224434 0.241699 0.258963 0.276227 0.293491 0.310755 0.328020 0.345284 0.362548 0.379812 0.397076 0.414340 0.431605 0.448869 0.466133 0.483397 0.500661 
0.017059 0.034118 0.051176 0.068235 0.085294 0.102353 0.119412 0.136470 0.153529 0.170588 0.187647 0.204706 0.221765 0.238823 0.255882 0.272941 0.290000 0.307059 0.324117 0.341176 0.358235 0.375294 0.392353 0.409411 0.426470 0.443529 0.460588 0.477647 0.494705 
0.016847 0.033693 0.050540 0.067386 0.084233 0.101080 0.117926 0.134773 0.151619 0.168466 0.185313 0.202159 0.219006 0.235853 0.252699 0.269546 0.286392 0.303239 0.320086 0.336932 0.353779 0.370625 0.387472 0.404319 0.421165 0.438012 0.454858 0.471705 0.488552 
0.016628 0.033255 0.049883 0.066511 0.083138 0.099766 0.116394 0.133021 0.149649 0.166277 0.182904 0.199532 0.216160 0.232787 0.249415 0.266043 0.282670 0.299298 0.315926 0.332553 0.349181 0.365809 0.382436 0.399064 0.415692 0.432319 0.448947 0.465575 
0.016402 0.032804 0.049206 0.065608 0.082010 0.098412 0.114815 0.131217 0.147619 0.164021 0.180423 0.196825 0.213227 0.229629 0.246031 0.262433 0.278835 0.295237 0.311640 0.328042 0.344444 0.360846 0.377248 0.393650 0.410052 0.426454 0.442856 0.459258 
0.016170 0.032340 0.048510 0.064680 0.080850 0.097020 0.113189 0.129359 0.145529 0.161699 0.177869 0.194039 0.210209 0.226379 0.242549 0.258719 0.274889 0.291059 0.307229 0.323399 0.339568 0.355738 0.371908 0.388078 0.404248 0.420418 0.436588 0.452758 
0.015931 0.031863 0.047794 0.063725 0.079657 0.095588 0.111519 0.127450 0.143382 0.159313 0.175244 0.191176 0.207107 0.223038 0.238970 0.254901 0.270832 0.286764 0.302695 0.318626 0.334557 0.350489 0.366420 0.382351 0.398283 0.414214 0.430145 0.446077 
0.015686 0.031373 0.047059 0.062745 0.078432 0.094118 0.109804 0.125491 0.141177 0.156863 0.172550 0.188236 0.203922 0.219608 0.235295 0.250981 0.266667 0.282354 0.298040 0.313726 0.329413 0.345099 0.360785 0.376472 0.392158 0.407844 0.423531 0.439217 
0.015435 0.030870 0.046305 0.061740 0.077175 0.092610 0.108045 0.123480 0.138915 0.154351 0.169786 0.185221 0.200656 0.216091 0.231526 0.246961 0.262396 0.277831 0.293266 0.308701 0.324136 0.339571 0.355006 0.370441 0.385876 0.401311 0.416746 0.432181 
0.015178 0.030355 0.045533 0.060710 0.075888 0.091066 0.106243 0.121421 0.136599 0.151776 0.166954 0.182131 0.197309 0.212487 0.227664 0.242842 0.258019 0.273197 0.288375 0.303552 0.318730 0.333908 0.349085 0.364263 0.379440 0.394618 0.409796 0.424973 
0.014914 0.029828 0.044742 0.059656 0.074571 0.089485 0.104399 0.119313 0.134227 0.149141 0.164055 0.178969 0.193883 0.208797 0.223712 0.238626 0.253540 0.268454 0.283368 0.298282 0.313196 0.328110 0.343024 0.357939 0.372853 0.387767 0.402681 0.417595 
0.014645 0.029289 0.043934 0.058579 0.073223 0.087868 0.102512 0.117157 0.131802 0.146446 0.161091 0.175736 0.190380 0.205025 0.219669 0.234314 0.248959 0.263603 0.278248 0.292893 0.307537 0.322182 0.336826 0.351471 0.366116 0.380760 0.395405 0.410050 
0.014369 0.028739 0.043108 0.057477 0.071846 0.086216 0.100585 0.114954 0.129324 0.143693 0.158062 0.172432 0.186801 0.201170 0.215539 0.229909 0.244278 0.258647 0.273017 0.287386 0.301755 0.316125 0.330494 0.344863 0.359232 0.373602 0.387971 0.402340 
0.014088 0.028176 0.042265 0.056353 0.070441 0.084529 0.098618 0.112706 0.126794 0.140882 0.154970 0.169059 0.183147 0.197235 0.211323 0.225411 0.239500 0.253588 0.267676 0.281764 0.295853 0.309941 0.324029 0.338117 0.352205 0.366294 0.380382 0.394470 
0.013801 0.027603 0.041404 0.055206 0.069007 0.082809 0.096610 0.110412 0.124213 0.138015 0.151816 0.165618 0.179419 0.193221 0.207022 0.220824 0.234625 0.248427 0.262228 0.276030 0.289831 0.303633 0.317434 0.331236 0.345037 0.358839 0.372640 0.386442 
0.013509 0.027019 0.040528 0.054037 0.067546 0.081056 0.094565 0.108074 0.121583 0.135093 0.148602 0.162111 0.175620 0.189130 0.202639 0.216148 0.229657 0.243167 0.256676 0.270185 0.283695 0.297204 0.310713 0.324222 0.337732 0.351241 0.364750 0.378259 0.391769 
0.013212 0.026423 0.039635 0.052846 0.066058 0.079270 0.092481 0.105693 0.118905 0.132116 0.145328 0.158539 0.171751 0.184963 0.198174 0.211386 0.224598 0.237809 0.251021 0.264232 0.277444 0.290656 0.303867 0.317079 0.330291 0.343502 0.356714 0.369925 0.383137 
0.012909 0.025817 0.038726 0.051635 0.064543 0.077452 0.090361 0.103270 0.116178 0.129087 0.141996 0.154904 0.167813 0.180722 0.193630 0.206539 0.219448 0.232357 0.245265 0.258174 0.271083 0.283991 0.296900 0.309809 0.322717 0.335626 0.348535 0.361444 0.374352 
0.012601 0.025201 0.037802 0.050402 0.063003 0.075604 0.088204 0.100805 0.113406 0.126006 0.138607 0.151207 0.163808 0.176409 0.189009 0.201610 0.214210 0.226811 0.239412 0.252012 0.264613 0.277213 0.289814 0.302415 0.315015 0.327616 0.340217 0.352817 0.365418 
0.012287 0.024575 0.036862 0.049150 0.061437 0.073725 0.086012 0.098300 0.110587 0.122875 0.135162 0.147450 0.159737 0.172025 0.184312 0.196600 0.208887 0.221175 0.233462 0.245750 0.258037 0.270325 0.282612 0.294900 0.307187 0.319475 0.331762 0.344050 0.356337 
0.011969 0.023939 0.035908 0.047878 0.059847 0.071817 0.083786 0.095756 0.107725 0.119694 0.131664 0.143633 0.155603 0.167572 0.179542 0.191511 0.203481 0.215450 0.227419 0.239389 0.251358 0.263328 0.275297 0.287267 0.299236 0.311206 0.323175 0.335144 0.347114 
0.011647 0.023293 0.034940 0.046586 0.058233 0.069880 0.081526 0.093173 0.104820 0.116466 0.128113 0.139759 0.151406 0.163053 0.174699 0.186346 0.197992 0.209639 0.221286 0.232932 0.244579 0.256225 0.267872 0.279519 0.291165 0.302812 0.314459 0.326105 0.337752 
0.011319 0.022638 0.033957 0.045276 0.056596 0.067915 0.079234 0.090553 0.101872 0.113191 0.124510 0.135829 0.147149 0.158468 0.169787 0.181106 0.192425 0.203744 0.215063 0.226382 0.237702 0.249021 0.260340 0.271659 0.282978 0.294297 0.305616 0.316935 0.328255 0.339574 
0.010987 0.021974 0.032961 0.043948 0.054936 0.065923 0.076910 0.087897 0.098884 0.109871 0.120858 0.131845 0.142832 0.153820 0.164807 0.175794 0.186781 0.197768 0.208755 0.219742 0.230729 0.241716 0.252704 0.263691 0.274678 0.285665 0.296652 0.307639 0.318626 0.329613 
0.010651 0.021301 0.031952 0.042603 0.053253 0.063904 0.074555 0.085206 0.095856 0.106507 0.117158 0.127808 0.138459 0.149110 0.159760 0.170411 0.181062 0.191713 0.202363 0.213014 0.223665 0.234315 0.244966 0.255617 0.266267 0.276918 0.287569 0.298220 0.308870 0.319521 
0.010310 0.020620 0.030930 0.041240 0.051550 0.061860 0.072170 0.082480 0.092790 0.103100 0.113410 0.123720 0.134030 0.144340 0.154650 0.164960 0.175270 0.185580 0.195891 0.206201 0.216511 0.226821 0.237131 0.247441 0.257751 0.268061 0.278371 0.288681 0.298991 0.309301 
0.009965 0.019930 0.029896 0.039861 0.049826 0.059791 0.069757 0.079722 0.089687 0.099652 0.109618 0.119583 0.129548 0.139513 0.149478 0.159444 0.169409 0.179374 0.189339 0.199305 0.209270 0.219235 0.229200 0.239166 0.249131 0.259096 0.269061 0.279027 0.288992 0.298957 
0.009616 0.019233 0.028849 0.038466 0.048082 0.057699 0.067315 0.076932 0.086548 0.096165 0.105781 0.115397 0.125014 0.134630 0.144247 0.153863 0.163480 0.173096 0.182713 0.192329 0.201945 0.211562 0.221178 0.230795 0.240411 0.250028 0.259644 0.269261 0.278877 0.288494 0.298110 
0.009264 0.018528 0.027791 0.037055 0.046319 0.055583 0.064847 0.074111 0.083374 0.092638 0.101902 0.111166 0.120430 0.129694 0.138957 0.148221 0.157485 0.166749 0.176013 0.185277 0.194540 0.203804 0.213068 0.222332 0.231596 0.240859 0.250123 0.259387 0.268651 0.277915 0.287179 
0.008907 0.017815 0.026722 0.035630 0.044537 0.053445 0.062352 0.071260 0.080167 0.089075 0.097982 0.106890 0.115797 0.124705 0.133612 0.142520 0.151427 0.160335 0.169242 0.178150 0.187057 0.195965 0.204872 0.213780 0.222687 0.231595 0.240502 0.249410 0.258317 0.267225 0.276132 
0.008548 0.017095 0.025643 0.034190 0.042738 0.051286 0.059833 0.068381 0.076928 0.085476 0.094024 0.102571 0.111119 0.119666 0.128214 0.136762 0.145309 0.153857 0.162404 0.170952 0.179500 0.188047 0.196595 0.205142 0.213690 0.222238 0.230785 0.239333 0.247880 0.256428 0.264976 0.273523 
0.008184 0.016369 0.024553 0.032737 0.040921 0.049106 0.057290 0.065474 0.073659 0.081843 0.090027 0.098211 0.106396 0.114580 0.122764 0.130949 0.139133 0.147317 0.155501 0.163686 0.171870 0.180054 0.188239 0.196423 0.204607 0.212791 0.220976 0.229160 0.237344 0.245529 0.253713 0.261897 
0.007818 0.015635 0.023453 0.031271 0.039088 0.046906 0.054724 0.062542 0.070359 0.078177 0.085995 0.093812 0.101630 0.109448 0.117265 0.125083 0.132901 0.140719 0.148536 0.156354 0.164172 0.171989 0.179807 0.187625 0.195442 0.203260 0.211078 0.218895 0.226713 0.234531 0.242349 0.250166 
0.007448 0.014896 0.022344 0.029792 0.037240 0.044688 0.052136 0.059584 0.067032 0.074480 0.081928 0.089376 0.096824 0.104272 0.111720 0.119168 0.126616 0.134064 0.141512 0.148960 0.156408 0.163856 0.171304 0.178752 0.186200 0.193648 0.201095 0.208543 0.215991 0.223439 0.230887 0.238335 0.245783 
0.007075 0.014151 0.021226 0.028301 0.035376 0.042452 0.049527 0.056602 0.063678 0.070753 0.077828 0.084903 0.091979 0.099054 0.106129 0.113205 0.120280 0.127355 0.134430 0.141506 0.148581 0.155656 0.162732 0.169807 0.176882 0.183957 0.191033 0.198108 0.205183 0.212259 0.219334 0.226409 0.233484 
0.006700 0.013400 0.020099 0.026799 0.033499 0.040199 0.046898 0.053598 0.060298 0.066998 0.073697 0.080397 0.087097 0.093797 0.100496 0.107196 0.113896 0.120596 0.127295 0.133995 0.140695 0.147395 0.154095 0.160794 0.167494 0.174194 0.180894 0.187593 0.194293 0.200993 0.207693 0.214392 0.221092 
0.006322 0.012643 0.018965 0.025286 0.031608 0.037929 0.044251 0.050572 0.056894 0.063216 0.069537 0.075859 0.082180 0.088502 0.094823 0.101145 0.107467 0.113788 0.120110 0.126431 0.132753 0.139074 0.145396 0.151717 0.158039 0.164361 0.170682 0.177004 0.183325 0.189647 0.195968 0.202290 0.208611 0.214933 
0.005941 0.011882 0.017822 0.023763 0.029704 0.035645 0.041586 0.047527 0.053467 0.059408 0.065349 0.071290 0.077231 0.083172 0.089112 0.095053 0.100994 0.106935 0.112876 0.118817 0.124757 0.130698 0.136639 0.142580 0.148521 0.154462 0.160402 0.166343 0.172284 0.178225 0.184166 0.190106 0.196047 0.201988 
0.005558 0.011115 0.016673 0.022231 0.027789 0.033346 0.038904 0.044462 0.050019 0.055577 0.061135 0.066693 0.072250 0.077808 0.083366 0.088923 0.094481 0.100039 0.105597 0.111154 0.116712 0.122270 0.127828 0.133385 0.138943 0.144501 0.150058 0.155616 0.161174 0.166732 0.172289 0.177847 0.183405 0.188962 0.194520 
0.005172 0.010345 0.015517 0.020690 0.025862 0.031034 0.036207 0.041379 0.046551 0.051724 0.056896 0.062069 0.067241 0.072413 0.077586 0.082758 0.087931 0.093103 0.098275 0.103448 0.108620 0.113793 0.118965 0.124137 0.129310 0.134482 0.139654 0.144827 0.149999 0.155172 0.160344 0.165516 0.170689 0.175861 0.181034 
0.004785 0.009570 0.014355 0.019140 0.023925 0.028710 0.033495 0.038280 0.043065 0.047850 0.052635 0.057420 0.062205 0.066990 0.071775 0.076560 0.081345 0.086130 0.090915 0.095700 0.100485 0.105270 0.110055 0.114840 0.119625 0.124410 0.129195 0.133980 0.138765 0.143550 0.148335 0.153120 0.157905 0.162690 0.167475 0.172260 
0.004396 0.008791 0.013187 0.017583 0.021978 0.026374 0.030770 0.035165 0.039561 0.043957 0.048352 0.052748 0.057144 0.061539 0.065935 0.070331 0.074726 0.079122 0.083518 0.087913 0.092309 0.096705 0.101100 0.105496 0.109892 0.114287 0.118683 0.123079 0.127474 0.131870 0.136266 0.140662 0.145057 0.149453 0.153849 0.158244 
0.004005 0.008009 0.012014 0.016018 0.020023 0.024028 0.028032 0.032037 0.036041 0.040046 0.044051 0.048055 0.052060 0.056064 0.060069 0.064074 0.068078 0.072083 0.076087 0.080092 0.084097 0.088101 0.092106 0.096110 0.100115 0.104120 0.108124 0.112129 0.116133 0.120138 0.124143 0.128147 0.132152 0.136156 0.140161 0.144166 0.148170 
0.003612 0.007224 0.010836 0.014448 0.018060 0.021672 0.025283 0.028895 0.032507 0.036119 0.039731 0.043343 0.046955 0.050567 0.054179 0.057791 0.061403 0.065015 0.068627 0.072239 0.075850 0.079462 0.083074 0.086686 0.090298 0.093910 0.097522 0.101134 0.104746 0.108358 0.111970 0.115582 0.119194 0.122805 0.126417 0.130029 0.133641 0.137253 
0.003218 0.006436 0.009653 0.012871 0.016089 0.019307 0.022525 0.025742 0.028960 0.032178 0.035396 0.038614 0.041831 0.045049 0.048267 0.051485 0.054703 0.057921 0.061138 0.064356 0.067574 0.070792 0.074010 0.077227 0.080445 0.083663 0.086881 0.090099 0.093316 0.096534 0.099752 0.102970 0.106188 0.109405 0.112623 0.115841 0.119059 0.122277 
0.002822 0.005645 0.008467 0.011290 0.014112 0.016934 0.019757 0.022579 0.025402 0.028224 0.031046 0.033869 0.036691 0.039514 0.042336 0.045158 0.047981 0.050803 0.053626 0.056448 0.059270 0.062093 0.064915 0.067738 0.070560 0.073382 0.076205 0.079027 0.081850 0.084672 0.087494 0.090317 0.093139 0.095962 0.098784 0.101606 0.104429 0.107251 0.110074 
0.002426 0.004852 0.007278 0.009703 0.012129 0.014555 0.016981 0.019407 0.021833 0.024259 0.026685 0.029110 0.031536 0.033962 0.036388 0.038814 0.041240 0.043666 0.046091 0.048517 0.050943 0.053369 0.055795 0.058221 0.060647 0.063072 0.065498 0.067924 0.070350 0.072776 0.075202 0.077628 0.080054 0.082479 0.084905 0.087331 0.089757 0.092183 0.094609 0.097035 
0.002028 0.004057 0.006085 0.008113 0.010142 0.012170 0.014199 0.016227 0.018255 0.020284 0.022312 0.024340 0.026369 0.028397 0.030425 0.032454 0.034482 0.036510 0.038539 0.040567 0.042596 0.044624 0.046652 0.048681 0.050709 0.052737 0.054766 0.056794 0.058822 0.060851 0.062879 0.064908 0.066936 0.068964 0.070993 0.073021 0.075049 0.077078 0.079106 0.081134 0.083163 
0.001630 0.003260 0.004890 0.006520 0.008150 0.009780 0.011410 0.013040 0.014670 0.016300 0.017930 0.019561 0.021191 0.022821 0.024451 0.026081 0.027711 0.029341 0.030971 0.032601 0.034231 0.035861 0.037491 0.039121 0.040751 0.042381 0.044011 0.045641 0.047271 0.048901 0.050531 0.052161 0.053791 0.055421 0.057052 0.058682 0.060312 0.061942 0.063572 0.065202 0.066832 
0.001231 0.002462 0.003693 0.004924 0.006155 0.007386 0.008618 0.009849 0.011080 0.012311 0.013542 0.014773 0.016004 0.017235 0.018466 0.019697 0.020928 0.022159 0.023390 0.024621 0.025853 0.027084 0.028315 0.029546 0.030777 0.032008 0.033239 0.034470 0.035701 0.036932 0.038163 0.039394 0.040625 0.041857 0.043088 0.044319 0.045550 0.046781 0.048012 0.049243 0.050474 0.051705 
0.000832 0.001663 0.002495 0.003326 0.004158 0.004990 0.005821 0.006653 0.007485 0.008316 0.009148 0.009979 0.010811 0.011643 0.012474 0.013306 0.014137 0.014969 0.015801 0.016632 0.017464 0.018295 0.019127 0.019959 0.020790 0.021622 0.022454 0.023285 0.024117 0.024948 0.025780 0.026612 0.027443 0.028275 0.029106 0.029938 0.030770 0.031601 0.032433 0.033265 0.034096 0.034928 0.035759 
0.000432 0.000864 0.001295 0.001727 0.002159 0.002591 0.003023 0.003455 0.003886 0.004318 0.004750 0.005182 0.005614 0.006045 0.006477 0.006909 0.007341 0.007773 0.008205 0.008636 0.009068 0.009500 0.009932 0.010364 0.010795 0.011227 0.011659 0.012091 0.012523 0.012955 0.013386 0.013818 0.014250 0.014682 0.015114 0.015546 0.015977 0.016409 0.016841 0.017273 0.017705 0.018136 0.018568 0.019000 
0.000032 0.000064 0.000096 0.000127 0.000159 0.000191 0.000223 0.000255 0.000287 0.000319 0.000350 0.000382 0.000414 0.000446 0.000478 0.000510 0.000542 0.000573 0.000605 0.000637 0.000669 0.000701 0.000733 0.000764 0.000796 0.000828 0.000860 0.000892 0.000924 0.000956 0.000987 0.001019 0.001051 0.001083 0.001115 0.001147 0.001179 0.001210 0.001242 0.001274 0.001306 0.001338 0.001370 0.001402 0.001433 
-0.000368 -0.000736 -0.001104 -0.001473 -0.001841 -0.002209 -0.002577 -0.002945 -0.003313 -0.003681 -0.004049 -0.004418 -0.004786 -0.005154 -0.005522 -0.005890 -0.006258 -0.006626 -0.006994 -0.007363 -0.007731 -0.008099 -0.008467 -0.008835 -0.009203 -0.009571 -0.009939 -0.010308 -0.010676 -0.011044 -0.011412 -0.011780 -0.012148 -0.012516 -0.012884 -0.013253 -0.013621 -0.013989 -0.014357 -0.014725 -0.015093 -0.015461 -0.015829 -0.016198 
-0.000768 -0.001536 -0.002304 -0.003072 -0.003840 -0.004608 -0.005376 -0.006144 -0.006912 -0.007680 -0.008448 -0.009215 -0.009983 -0.010751 -0.011519 -0.012287 -0.013055 -0.013823 -0.014591 -0.015359 -0.016127 -0.016895 -0.017663 -0.018431 -0.019199 -0.019967 -0.020735 -0.021503 -0.022271 -0.023039 -0.023807 -0.024575 -0.025343 -0.026111 -0.026879 -0.027646 -0.028414 -0.029182 -0.029950 -0.030718 -0.031486 -0.032254 -0.033022 
-0.001167 -0.002335 -0.003502 -0.004670 -0.005837 -0.007005 -0.008172 -0.009340 -0.010507 -0.011675 -0.012842 -0.014010 -0.015177 -0.016345 -0.017512 -0.018680 -0.019847 -0.021015 -0.022182 -0.023350 -0.024517 -0.025685 -0.026852 -0.028020 -0.029187 -0.030355 -0.031522 -0.032690 -0.033857 -0.035024 -0.036192 -0.037359 -0.038527 -0.039694 -0.040862 -0.042029 -0.043197 -0.044364 -0.045532 -0.046699 -0.047867 -0.049034 
-0.001567 -0.003133 -0.004700 -0.006266 -0.007833 -0.009399 -0.010966 -0.012532 -0.014099 -0.015665 -0.017232 -0.018798 -0.020365 -0.021932 -0.023498 -0.025065 -0.026631 -0.028198 -0.029764 -0.031331 -0.032897 -0.034464 -0.036030 -0.037597 -0.039164 -0.040730 -0.042297 -0.043863 -0.045430 -0.046996 -0.048563 -0.050129 -0.051696 -0.053262 -0.054829 -0.056395 -0.057962 -0.059529 -0.061095 -0.062662 -0.064228 -0.065795 
-0.001965 -0.003930 -0.005895 -0.007860 -0.009825 -0.011790 -0.013755 -0.015720 -0.017685 -0.019650 -0.021615 -0.023580 -0.025545 -0.027510 -0.029475 -0.031440 -0.033405 -0.035369 -0.037334 -0.039299 -0.041264 -0.043229 -0.045194 -0.047159 -0.049124 -0.051089 -0.053054 -0.055019 -0.056984 -0.058949 -0.060914 -0.062879 -0.064844 -0.066809 -0.068774 -0.070739 -0.072704 -0.074669 -0.076634 -0.078599 -0.080564 
-0.002363 -0.004725 -0.007088 -0.009450 -0.011813 -0.014176 -0.016538 -0.018901 -0.021264 -0.023626 -0.025989 -0.028351 -0.030714 -0.033077 -0.035439 -0.037802 -0.040164 -0.042527 -0.044890 -0.047252 -0.049615 -0.051978 -0.054340 -0.056703 -0.059065 -0.061428 -0.063791 -0.066153 -0.068516 -0.070879 -0.073241 -0.075604 -0.077966 -0.080329 -0.082692 -0.085054 -0.087417 -0.089779 -0.092142 -0.094505 
-0.002759 -0.005519 -0.008278 -0.011037 -0.013797 -0.016556 -0.019315 -0.022075 -0.024834 -0.027593 -0.030352 -0.033112 -0.035871 -0.038630 -0.041390 -0.044149 -0.046908 -0.049668 -0.052427 -0.055186 -0.057946 -0.060705 -0.063464 -0.066224 -0.068983 -0.071742 -0.074502 -0.077261 -0.080020 -0.082780 -0.085539 -0.088298 -0.091057 -0.093817 -0.096576 -0.099335 -0.102095 -0.104854 -0.107613 
-0.003155 -0.006310 -0.009465 -0.012620 -0.015775 -0.018929 -0.022084 -0.025239 -0.028394 -0.031549 -0.034704 -0.037859 -0.041014 -0.044169 -0.047324 -0.050479 -0.053634 -0.056788 -0.059943 -0.063098 -0.066253 -0.069408 -0.072563 -0.075718 -0.078873 -0.082028 -0.085183 -0.088338 -0.091493 -0.094647 -0.097802 -0.100957 -0.104112 -0.107267 -0.110422 -0.113577 -0.116732 -0.119887 -0.123042 
-0.003549 -0.007098 -0.010648 -0.014197 -0.017746 -0.021295 -0.024845 -0.028394 -0.031943 -0.035492 -0.039042 -0.042591 -0.046140 -0.049689 -0.053239 -0.056788 -0.060337 -0.063886 -0.067436 -0.070985 -0.074534 -0.078083 -0.081633 -0.085182 -0.088731 -0.092280 -0.095830 -0.099379 -0.102928 -0.106477 -0.110027 -0.113576 -0.117125 -0.120674 -0.124224 -0.127773 -0.131322 -0.134871 
-0.003942 -0.007884 -0.011826 -0.015769 -0.019711 -0.023653 -0.027595 -0.031537 -0.035479 -0.039422 -0.043364 -0.047306 -0.051248 -0.055190 -0.059132 -0.063075 -0.067017 -0.070959 -0.074901 -0.078843 -0.082785 -0.086728 -0.090670 -0.094612 -0.098554 -0.102496 -0.106438 -0.110381 -0.114323 -0.118265 -0.122207 -0.126149 -0.130091 -0.134034 -0.137976 -0.141918 -0.145860 
-0.004334 -0.008667 -0.013001 -0.017334 -0.021668 -0.026001 -0.030335 -0.034668 -0.039002 -0.043335 -0.047669 -0.052002 -0.056336 -0.060669 -0.065003 -0.069336 -0.073670 -0.078003 -0.082337 -0.086670 -0.091004 -0.095337 -0.099671 -0.104004 -0.108338 -0.112671 -0.117005 -0.121338 -0.125672 -0.130005 -0.134339 -0.138672 -0.143006 -0.147339 -0.151673 -0.156006 -0.160340 
-0.004723 -0.009446 -0.014169 -0.018892 -0.023616 -0.028339 -0.033062 -0.037785 -0.042508 -0.047231 -0.051954 -0.056677 -0.061400 -0.066123 -0.070847 -0.075570 -0.080293 -0.085016 -0.089739 -0.094462 -0.099185 -0.103908 -0.108631 -0.113355 -0.118078 -0.122801 -0.127524 -0.132247 -0.136970 -0.141693 -0.146416 -0.151139 -0.155863 -0.160586 -0.165309 -0.170032 
-0.005111 -0.010222 -0.015332 -0.020443 -0.025554 -0.030665 -0.035776 -0.040887 -0.045997 -0.051108 -0.056219 -0.061330 -0.066441 -0.071552 -0.076662 -0.081773 -0.086884 -0.091995 -0.097106 -0.102216 -0.107327 -0.112438 -0.117549 -0.122660 -0.127771 -0.132881 -0.137992 -0.143103 -0.148214 -0.153325 -0.158435 -0.163546 -0.168657 -0.173768 -0.178879 
-0.005496 -0.010993 -0.016489 -0.021986 -0.027482 -0.032979 -0.038475 -0.043972 -0.049468 -0.054965 -0.060461 -0.065958 -0.071454 -0.076951 -0.082447 -0.087944 -0.093440 -0.098937 -0.104433 -0.109930 -0.115426 -0.120923 -0.126419 -0.131916 -0.137412 -0.142909 -0.148405 -0.153902 -0.159398 -0.164895 -0.170391 -0.175888 -0.181384 -0.186881 -0.192377 
-0.005880 -0.011760 -0.017640 -0.023520 -0.029400 -0.035280 -0.041160 -0.047040 -0.052920 -0.058800 -0.064680 -0.070560 -0.076440 -0.082320 -0.088199 -0.094079 -0.099959 -0.105839 -0.111719 -0.117599 -0.123479 -0.129359 -0.135239 -0.141119 -0.146999 -0.152879 -0.158759 -0.164639 -0.170519 -0.176399 -0.182279 -0.188159 -0.194039 -0.199919 
-0.006261 -0.012522 -0.018783 -0.025044 -0.031305 -0.037567 -0.043828 -0.050089 -0.056350 -0.062611 -0.068872 -0.075133 -0.081394 -0.087655 -0.093916 -0.100177 -0.106438 -0.112700 -0.118961 -0.125222 -0.131483 -0.137744 -0.144005 -0.150266 -0.156527 -0.162788 -0.169049 -0.175310 -0.181572 -0.187833 -0.194094 -0.200355 -0.206616 -0.212877 
-0.006640 -0.013279 -0.019919 -0.026559 -0.033199 -0.039838 -0.046478 -0.053118 -0.059757 -0.066397 -0.073037 -0.079676 -0.086316 -0.092956 -0.099596 -0.106235 -0.112875 -0.119515 -0.126154 -0.132794 -0.139434 -0.146073 -0.152713 -0.159353 -0.165993 -0.172632 -0.179272 -0.185912 -0.192551 -0.199191 -0.205831 -0.212471 -0.219110 
-0.007016 -0.014031 -0.021047 -0.028063 -0.035078 -0.042094 -0.049110 -0.056125 -0.063141 -0.070157 -0.077172 -0.084188 -0.091204 -0.098219 -0.105235 -0.112251 -0.119266 -0.126282 -0.133298 -0.140313 -0.147329 -0.154345 -0.161360 -0.168376 -0.175392 -0.182407 -0.189423 -0.196439 -0.203454 -0.210470 -0.217486 -0.224501 -0.231517 
-0.007389 -0.014778 -0.022166 -0.029555 -0.036944 -0.044333 -0.051722 -0.059111 -0.066499 -0.073888 -0.081277 -0.088666 -0.096055 -0.103443 -0.110832 -0.118221 -0.125610 -0.132999 -0.140388 -0.147776 -0.155165 -0.162554 -0.169943 -0.177332 -0.184720 -0.192109 -0.199498 -0.206887 -0.214276 -0.221665 -0.229053 -0.236442 -0.243831 
-0.007759 -0.015518 -0.023277 -0.031036 -0.038795 -0.046554 -0.054313 -0.062072 -0.069831 -0.077590 -0.085349 -0.093108 -0.100867 -0.108626 -0.116385 -0.124144 -0.131903 -0.139662 -0.147421 -0.155180 -0.162939 -0.170698 -0.178457 -0.186216 -0.193975 -0.201734 -0.209493 -0.217253 -0.225012 -0.232771 -0.240530 -0.248289 
-0.008126 -0.016252 -0.024378 -0.032504 -0.040631 -0.048757 -0.056883 -0.065009 -0.073135 -0.081261 -0.089387 -0.097513 -0.105639 -0.113766 -0.121892 -0.130018 -0.138144 -0.146270 -0.154396 -0.162522 -0.170648 -0.178775 -0.186901 -0.195027 -0.203153 -0.211279 -0.219405 -0.227531 -0.235657 -0.243783 -0.251910 -0.260036 
-0.008490 -0.016980 -0.025470 -0.033960 -0.042450 -0.050940 -0.059430 -0.067920 -0.076410 -0.084900 -0.093390 -0.101880 -0.110369 -0.118859 -0.127349 -0.135839 -0.144329 -0.152819 -0.161309 -0.169799 -0.178289 -0.186779 -0.195269 -0.203759 -0.212249 -0.220739 -0.229229 -0.237719 -0.246209 -0.254699 -0.263189 -0.271679 
-0.008850 -0.017701 -0.026551 -0.035402 -0.044252 -0.053102 -0.061953 -0.070803 -0.079654 -0.088504 -0.097354 -0.106205 -0.115055 -0.123906 -0.132756 -0.141607 -0.150457 -0.159307 -0.168158 -0.177008 -0.185859 -0.194709 -0.203559 -0.212410 -0.221260 -0.230111 -0.238961 -0.247811 -0.256662 -0.265512 -0.274363 
-0.009207 -0.018415 -0.027622 -0.036829 -0.046037 -0.055244 -0.064451 -0.073659 -0.082866 -0.092073 -0.101281 -0.110488 -0.119695 -0.128902 -0.138110 -0.147317 -0.156524 -0.165732 -0.174939 -0.184146 -0.193354 -0.202561 -0.211768 -0.220976 -0.230183 -0.239390 -0.248598 -0.257805 -0.267012 -0.276220 -0.285427 
-0.009561 -0.019121 -0.028682 -0.038242 -0.047803 -0.057363 -0.066924 -0.076484 -0.086045 -0.095605 -0.105166 -0.114727 -0.124287 -0.133848 -0.143408 -0.152969 -0.162529 -0.172090 -0.181650 -0.191211 -0.200771 -0.210332 -0.219893 -0.229453 -0.239014 -0.248574 -0.258135 -0.267695 -0.277256 -0.286816 -0.296377 
-0.009910 -0.019820 -0.029730 -0.039640 -0.049550 -0.059460 -0.069370 -0.079280 -0.089190 -0.099099 -0.109009 -0.118919 -0.128829 -0.138739 -0.148649 -0.158559 -0.168469 -0.178379 -0.188289 -0.198199 -0.208109 -0.218019 -0.227929 -0.237839 -0.247749 -0.257659 -0.267569 -0.277479 -0.287388 -0.297298 
-0.010255 -0.020511 -0.030766 -0.041022 -0.051277 -0.061532 -0.071788 -0.082043 -0.092298 -0.102554 -0.112809 -0.123065 -0.133320 -0.143575 -0.153831 -0.164086 -0.174342 -0.184597 -0.194852 -0.205108 -0.215363 -0.225618 -0.235874 -0.246129 -0.256385 -0.266640 -0.276895 -0.287151 -0.297406 -0.307662 
-0.010597 -0.021193 -0.031790 -0.042387 -0.052984 -0.063580 -0.074177 -0.084774 -0.095371 -0.105967 -0.116564 -0.127161 -0.137757 -0.148354 -0.158951 -0.169548 -0.180144 -0.190741 -0.201338 -0.211934 -0.222531 -0.233128 -0.243725 -0.254321 -0.264918 -0.275515 -0.286112 -0.296708 -0.307305 -0.317902 
-0.010934 -0.021868 -0.032801 -0.043735 -0.054669 -0.065603 -0.076537 -0.087471 -0.098404 -0.109338 -0.120272 -0.131206 -0.142140 -0.153073 -0.164007 -0.174941 -0.185875 -0.196809 -0.207743 -0.218676 -0.229610 -0.240544 -0.251478 -0.262412 -0.273346 -0.284279 -0.295213 -0.306147 -0.317081 -0.328015 
-0.011267 -0.022533 -0.033800 -0.045066 -0.056333 -0.067599 -0.078866 -0.090132 -0.101399 -0.112665 -0.123932 -0.135199 -0.146465 -0.157732 -0.168998 -0.180265 -0.191531 -0.202798 -0.214064 -0.225331 -0.236597 -0.247864 -0.259131 -0.270397 -0.281664 -0.292930 -0.304197 -0.315463 -0.326730 -0.337996 
-0.011595 -0.023190 -0.034784 -0.046379 -0.057974 -0.069569 -0.081163 -0.092758 -0.104353 -0.115948 -0.127542 -0.139137 -0.150732 -0.162327 -0.173921 -0.185516 -0.197111 -0.208706 -0.220301 -0.231895 -0.243490 -0.255085 -0.266680 -0.278274 -0.289869 -0.301464 -0.313059 -0.324653 -0.336248 
-0.011918 -0.023837 -0.035755 -0.047673 -0.059592 -0.071510 -0.083428 -0.095347 -0.107265 -0.119183 -0.131102 -0.143020 -0.154938 -0.166857 -0.178775 -0.190694 -0.202612 -0.214530 -0.226449 -0.238367 -0.250285 -0.262204 -0.274122 -0.286040 -0.297959 -0.309877 -0.321795 -0.333714 -0.345632 
-0.012237 -0.024474 -0.036711 -0.048949 -0.061186 -0.073423 -0.085660 -0.097897 -0.110134 -0.122372 -0.134609 -0.146846 -0.159083 -0.171320 -0.183557 -0.195795 -0.208032 -0.220269 -0.232506 -0.244743 -0.256980 -0.269217 -0.281455 -0.293692 -0.305929 -0.318166 -0.330403 -0.342640 -0.354878 
-0.012551 -0.025102 -0.037653 -0.050204 -0.062755 -0.075306 -0.087858 -0.100409 -0.112960 -0.125511 -0.138062 -0.150613 -0.163164 -0.175715 -0.188266 -0.200817 -0.213368 -0.225919 -0.238470 -0.251022 -0.263573 -0.276124 -0.288675 -0.301226 -0.313777 -0.326328 -0.338879 -0.351430 -0.363981 
-0.012860 -0.025720 -0.038580 -0.051440 -0.064300 -0.077160 -0.090020 -0.102880 -0.115740 -0.128600 -0.141460 -0.154320 -0.167180 -0.180040 -0.192900 -0.205760 -0.218620 -0.231480 -0.244340 -0.257199 -0.270059 -0.282919 -0.295779 -0.308639 -0.321499 -0.334359 -0.347219 -0.360079 -0.372939 
-0.013164 -0.026327 -0.039491 -0.052655 -0.065819 -0.078982 -0.092146 -0.105310 -0.118474 -0.131637 -0.144801 -0.157965 -0.171128 -0.184292 -0.197456 -0.210620 -0.223783 -0.236947 -0.250111 -0.263275 -0.276438 -0.289602 -0.302766 -0.315930 -0.329093 -0.342257 -0.355421 -0.368584 -0.381748 
-0.013462 -0.026924 -0.040387 -0.053849 -0.067311 -0.080773 -0.094236 -0.107698 -0.121160 -0.134622 -0.148084 -0.161547 -0.175009 -0.188471 -0.201933 -0.215395 -0.228858 -0.242320 -0.255782 -0.269244 -0.282707 -0.296169 -0.309631 -0.323093 -0.336555 -0.350018 -0.363480 -0.376942 -0.390404 
-0.013755 -0.027511 -0.041266 -0.055021 -0.068777 -0.082532 -0.096287 -0.110043 -0.123798 -0.137553 -0.151309 -0.165064 -0.178819 -0.192575 -0.206330 -0.220085 -0.233840 -0.247596 -0.261351 -0.275106 -0.288862 -0.302617 -0.316372 -0.330128 -0.343883 -0.357638 -0.371394 -0.385149 
-0.014043 -0.028086 -0.042129 -0.056172 -0.070215 -0.084258 -0.098300 -0.112343 -0.126386 -0.140429 -0.154472 -0.168515 -0.182558 -0.196601 -0.210644 -0.224687 -0.238730 -0.252773 -0.266816 -0.280859 -0.294901 -0.308944 -0.322987 -0.337030 -0.351073 -0.365116 -0.379159 -0.393202 
-0.014325 -0.028650 -0.042975 -0.057300 -0.071625 -0.085949 -0.100274 -0.114599 -0.128924 -0.143249 -0.157574 -0.171899 -0.186224 -0.200549 -0.214874 -0.229199 -0.243523 -0.257848 -0.272173 -0.286498 -0.300823 -0.315148 -0.329473 -0.343798 -0.358123 -0.372448 -0.386773 -0.401098 
-0.014601 -0.029202 -0.043804 -0.058405 -0.073006 -0.087607 -0.102208 -0.116809 -0.131411 -0.146012 -0.160613 -0.175214 -0.189815 -0.204416 -0.219018 -0.233619 -0.248220 -0.262821 -0.277422 -0.292023 -0.306625 -0.321226 -0.335827 -0.350428 -0.365029 -0.379630 -0.394232 -0.408833 
-0.014872 -0.029743 -0.044615 -0.059486 -0.074358 -0.089229 -0.104101 -0.118973 -0.133844 -0.148716 -0.163587 -0.178459 -0.193331 -0.208202 -0.223074 -0.237945 -0.252817 -0.267688 -0.282560 -0.297432 -0.312303 -0.327175 -0.342046 -0.356918 -0.371790 -0.386661 -0.401533 -0.416404 
-0.015136 -0.030272 -0.045408 -0.060544 -0.075680 -0.090816 -0.105952 -0.121088 -0.136224 -0.151360 -0.166497 -0.181633 -0.196769 -0.211905 -0.227041 -0.242177 -0.257313 -0.272449 -0.287585 -0.302721 -0.317857 -0.332993 -0.348129 -0.363265 -0.378401 -0.393537 -0.408673 -0.423809 
-0.015394 -0.030789 -0.046183 -0.061578 -0.076972 -0.092367 -0.107761 -0.123156 -0.138550 -0.153945 -0.169339 -0.184734 -0.200128 -0.215522 -0.230917 -0.246311 -0.261706 -0.277100 -0.292495 -0.307889 -0.323284 -0.338678 -0.354073 -0.369467 -0.384862 -0.400256 -0.415650 -0.431045 
-0.015647 -0.031293 -0.046940 -0.062587 -0.078234 -0.093880 -0.109527 -0.125174 -0.140820 -0.156467 -0.172114 -0.187761 -0.203407 -0.219054 -0.234701 -0.250347 -0.265994 -0.281641 -0.297288 -0.312934 -0.328581 -0.344228 -0.359875 -0.375521 -0.391168 -0.406815 -0.422461 -0.438108 
-0.015893 -0.031785 -0.047678 -0.063571 -0.079464 -0.095356 -0.111249 -0.127142 -0.143034 -0.158927 -0.174820 -0.190713 -0.206605 -0.222498 -0.238391 -0.254283 -0.270176 -0.286069 -0.301962 -0.317854 -0.333747 -0.349640 -0.365532 -0.381425 -0.397318 -0.413211 -0.429103 -0.444996 
-0.016132 -0.032265 -0.048397 -0.064529 -0.080662 -0.096794 -0.112926 -0.129059 -0.145191 -0.161324 -0.177456 -0.193588 -0.209721 -0.225853 -0.241985 -0.258118 -0.274250 -0.290382 -0.306515 -0.322647 -0.338779 -0.354912 -0.371044 -0.387177 -0.403309 -0.419441 -0.435574 -0.451706 
-0.016366 -0.032731 -0.049097 -0.065462 -0.081828 -0.098193 -0.114559 -0.130924 -0.147290 -0.163655 -0.180021 -0.196387 -0.212752 -0.229118 -0.245483 -0.261849 -0.278214 -0.294580 -0.310945 -0.327311 -0.343676 -0.360042 -0.376407 -0.392773 -0.409139 -0.425504 -0.441870 -0.458235 
-0.016592 -0.033184 -0.049777 -0.066369 -0.082961 -0.099553 -0.116145 -0.132737 -0.149330 -0.165922 -0.182514 -0.199106 -0.215698 -0.232291 -0.248883 -0.265475 -0.282067 -0.298659 -0.315251 -0.331844 -0.348436 -0.365028 -0.381620 -0.398212 -0.414805 -0.431397 -0.447989 -0.464581 
-0.016812 -0.033624 -0.050437 -0.067249 -0.084061 -0.100873 -0.117685 -0.134498 -0.151310 -0.168122 -0.184934 -0.201746 -0.218558 -0.235371 -0.252183 -0.268995 -0.285807 -0.302619 -0.319432 -0.336244 -0.353056 -0.369868 -0.386680 -0.403493 -0.420305 -0.437117 -0.453929 -0.470741 -0.487553 
-0.017025 -0.034051 -0.051076 -0.068102 -0.085127 -0.102153 -0.119178 -0.136204 -0.153229 -0.170255 -0.187280 -0.204306 -0.221331 -0.238357 -0.255382 -0.272407 -0.289433 -0.306458 -0.323484 -0.340509 -0.357535 -0.374560 -0.391586 -0.408611 -0.425637 -0.442662 -0.459688 -0.476713 -0.493739 
-0.017232 -0.034464 -0.051696 -0.068928 -0.086160 -0.103392 -0.120624 -0.137856 -0.155087 -0.172319 -0.189551 -0.206783 -0.224015 -0.241247 -0.258479 -0.275711 -0.292943 -0.310175 -0.327407 -0.344639 -0.361871 -0.379103 -0.396335 -0.413567 -0.430798 -0.448030 -0.465262 -0.482494 -0.499726 
-0.017432 -0.034863 -0.052295 -0.069726 -0.087158 -0.104589 -0.122021 -0.139452 -0.156884 -0.174315 -0.191747 -0.209178 -0.226610 -0.244041 -0.261473 -0.278904 -0.296336 -0.313767 -0.331199 -0.348630 -0.366062 -0.383493 -0.400925 -0.418356 -0.435788 -0.453219 -0.470651 -0.488082 -0.505514 
-0.017624 -0.035248 -0.052872 -0.070496 -0.088121 -0.105745 -0.123369 -0.140993 -0.158617 -0.176241 -0.193865 -0.211489 -0.229114 -0.246738 -0.264362 -0.281986 -0.299610 -0.317234 -0.334858 -0.352482 -0.370107 -0.387731 -0.405355 -0.422979 -0.440603 -0.458227 -0.475851 -0.493475 -0.511099 
-0.017810 -0.035619 -0.053429 -0.071239 -0.089048 -0.106858 -0.124668 -0.142477 -0.160287 -0.178097 -0.195906 -0.213716 -0.231526 -0.249335 -0.267145 -0.284955 -0.302764 -0.320574 -0.338384 -0.356194 -0.374003 -0.391813 -0.409623 -0.427432 -0.445242 -0.463052 -0.480861 -0.498671 -0.516481 
-0.017988 -0.035976 -0.053964 -0.071952 -0.089941 -0.107929 -0.125917 -0.143905 -0.161893 -0.179881 -0.197869 -0.215857 -0.233845 -0.251834 -0.269822 -0.287810 -0.305798 -0.323786 -0.341774 -0.359762 -0.377750 -0.395738 -0.413726 -0.431715 -0.449703 -0.467691 -0.485679 -0.503667 -0.521655 
-0.018159 -0.036319 -0.054478 -0.072637 -0.090797 -0.108956 -0.127115 -0.145275 -0.163434 -0.181593 -0.199753 -0.217912 -0.236071 -0.254231 -0.272390 -0.290550 -0.308709 -0.326868 -0.345028 -0.363187 -0.381346 -0.399506 -0.417665 -0.435824 -0.453984 -0.472143 -0.490302 -0.508462 -0.526621 
-0.018323 -0.036647 -0.054970 -0.073293 -0.091617 -0.109940 -0.128263 -0.146587 -0.164910 -0.183233 -0.201557 -0.219880 -0.238203 -0.256526 -0.274850 -0.293173 -0.311496 -0.329820 -0.348143 -0.366466 -0.384790 -0.403113 -0.421436 -0.439760 -0.458083 -0.476406 -0.494730 -0.513053 -0.531376 -0.549700 
-0.018480 -0.036960 -0.055440 -0.073920 -0.092400 -0.110880 -0.129360 -0.147840 -0.166320 -0.184800 -0.203280 -0.221760 -0.240240 -0.258719 -0.277199 -0.295679 -0.314159 -0.332639 -0.351119 -0.369599 -0.388079 -0.406559 -0.425039 -0.443519 -0.461999 -0.480479 -0.498959 -0.517439 -0.535919 -0.554399 
-0.018629 -0.037258 -0.055888 -0.074517 -0.093146 -0.111775 -0.130405 -0.149034 -0.167663 -0.186292 -0.204921 -0.223551 -0.242180 -0.260809 -0.279438 -0.298067 -0.316697 -0.335326 -0.353955 -0.372584 -0.391214 -0.409843 -0.428472 -0.447101 -0.465730 -0.484360 -0.502989 -0.521618 -0.540247 -0.558876 
-0.018771 -0.037542 -0.056313 -0.075084 -0.093855 -0.112626 -0.131397 -0.150168 -0.168939 -0.187710 -0.206481 -0.225252 -0.244023 -0.262794 -0.281565 -0.300336 -0.319107 -0.337878 -0.356649 -0.375420 -0.394191 -0.412962 -0.431733 -0.450504 -0.469275 -0.488046 -0.506817 -0.525588 -0.544359 -0.563131 
-0.018905 -0.037811 -0.056716 -0.075621 -0.094527 -0.113432 -0.132337 -0.151242 -0.170148 -0.189053 -0.207958 -0.226864 -0.245769 -0.264674 -0.283580 -0.302485 -0.321390 -0.340296 -0.359201 -0.378106 -0.397012 -0.415917 -0.434822 -0.453727 -0.472633 -0.491538 -0.510443 -0.529349 -0.548254 -0.567159 -0.586065 
-0.019032 -0.038064 -0.057096 -0.076128 -0.095160 -0.114192 -0.133224 -0.152256 -0.171288 -0.190320 -0.209352 -0.228384 -0.247417 -0.266449 -0.285481 -0.304513 -0.323545 -0.342577 -0.361609 -0.380641 -0.399673 -0.418705 -0.437737 -0.456769 -0.475801 -0.494833 -0.513865 -0.532897 -0.551929 -0.570961 -0.589993 
-0.019151 -0.038302 -0.057453 -0.076605 -0.095756 -0.114907 -0.134058 -0.153209 -0.172360 -0.191512 -0.210663 -0.229814 -0.248965 -0.268116 -0.287267 -0.306419 -0.325570 -0.344721 -0.363872 -0.383023 -0.402174 -0.421326 -0.440477 -0.459628 -0.478779 -0.497930 -0.517081 -0.536232 -0.555384 -0.574535 -0.593686 
-0.019263 -0.038525 -0.057788 -0.077050 -0.096313 -0.115576 -0.134838 -0.154101 -0.173364 -0.192626 -0.211889 -0.231151 -0.250414 -0.269677 -0.288939 -0.308202 -0.327465 -0.346727 -0.365990 -0.385252 -0.404515 -0.423778 -0.443040 -0.462303 -0.481565 -0.500828 -0.520091 -0.539353 -0.558616 -0.577879 -0.597141 -0.616404 
-0.019366 -0.038733 -0.058099 -0.077465 -0.096832 -0.116198 -0.135565 -0.154931 -0.174297 -0.193664 -0.213030 -0.232396 -0.251763 -0.271129 -0.290496 -0.309862 -0.329228 -0.348595 -0.367961 -0.387327 -0.406694 -0.426060 -0.445427 -0.464793 -0.484159 -0.503526 -0.522892 -0.542258 -0.561625 -0.580991 -0.600358 -0.619724 
-0.019462 -0.038925 -0.058387 -0.077850 -0.097312 -0.116774 -0.136237 -0.155699 -0.175161 -0.194624 -0.214086 -0.233549 -0.253011 -0.272473 -0.291936 -0.311398 -0.330860 -0.350323 -0.369785 -0.389248 -0.408710 -0.428172 -0.447635 -0.467097 -0.486559 -0.506022 -0.525484 -0.544947 -0.564409 -0.583871 -0.603334 -0.622796 
-0.019551 -0.039101 -0.058652 -0.078202 -0.097753 -0.117304 -0.136854 -0.156405 -0.175955 -0.195506 -0.215057 -0.234607 -0.254158 -0.273708 -0.293259 -0.312810 -0.332360 -0.351911 -0.371461 -0.391012 -0.410563 -0.430113 -0.449664 -0.469214 -0.488765 -0.508316 -0.527866 -0.547417 -0.566967 -0.586518 -0.606069 -0.625619 -0.645170 
-0.019631 -0.039262 -0.058893 -0.078524 -0.098155 -0.117786 -0.137417 -0.157048 -0.176679 -0.196310 -0.215941 -0.235572 -0.255203 -0.274834 -0.294465 -0.314096 -0.333727 -0.353358 -0.372989 -0.392620 -0.412251 -0.431882 -0.451513 -0.471144 -0.490775 -0.510406 -0.530037 -0.549668 -0.569299 -0.588930 -0.608561 -0.628192 -0.647823 
-0.019704 -0.039407 -0.059111 -0.078814 -0.098518 -0.118221 -0.137925 -0.157628 -0.177332 -0.197036 -0.216739 -0.236443 -0.256146 -0.275850 -0.295553 -0.315257 -0.334960 -0.354664 -0.374368 -0.394071 -0.413775 -0.433478 -0.453182 -0.472885 -0.492589 -0.512292 -0.531996 -0.551700 -0.571403 -0.591107 -0.610810 -0.630514 -0.650217 -0.669921 
-0.019768 -0.039536 -0.059305 -0.079073 -0.098841 -0.118609 -0.138378 -0.158146 -0.177914 -0.197682 -0.217450 -0.237219 -0.256987 -0.276755 -0.296523 -0.316292 -0.336060 -0.355828 -0.375596 -0.395365 -0.415133 -0.434901 -0.454669 -0.474437 -0.494206 -0.513974 -0.533742 -0.553510 -0.573279 -0.593047 -0.612815 -0.632583 -0.652351 -0.672120 
-0.019825 -0.039650 -0.059475 -0.079300 -0.099125 -0.118950 -0.138775 -0.158600 -0.178425 -0.198250 -0.218075 -0.237900 -0.257725 -0.277550 -0.297375 -0.317200 -0.337025 -0.356850 -0.376675 -0.396500 -0.416325 -0.436150 -0.455975 -0.475800 -0.495625 -0.515450 -0.535275 -0.555100 -0.574925 -0.594750 -0.614575 -0.634400 -0.654225 -0.674050 -0.693875 
-0.019874 -0.039748 -0.059621 -0.079495 -0.099369 -0.119243 -0.139117 -0.158991 -0.178864 -0.198738 -0.218612 -0.238486 -0.258360 -0.278233 -0.298107 -0.317981 -0.337855 -0.357729 -0.377603 -0.397476 -0.417350 -0.437224 -0.457098 -0.476972 -0.496846 -0.516719 -0.536593 -0.556467 -0.576341 -0.596215 -0.616088 -0.635962 -0.655836 -0.675710 -0.695584 
-0.019915 -0.039829 -0.059744 -0.079659 -0.099574 -0.119488 -0.139403 -0.159318 -0.179232 -0.199147 -0.219062 -0.238976 -0.258891 -0.278806 -0.298721 -0.318635 -0.338550 -0.358465 -0.378379 -0.398294 -0.418209 -0.438123 -0.458038 -0.477953 -0.497868 -0.517782 -0.537697 -0.557612 -0.577526 -0.597441 -0.617356 -0.637271 -0.657185 -0.677100 -0.697015 -0.716929 
-0.019948 -0.039895 -0.059843 -0.079790 -0.099738 -0.119686 -0.139633 -0.159581 -0.179529 -0.199476 -0.219424 -0.239371 -0.259319 -0.279267 -0.299214 -0.319162 -0.339110 -0.359057 -0.379005 -0.398952 -0.418900 -0.438848 -0.458795 -0.478743 -0.498691 -0.518638 -0.538586 -0.558533 -0.578481 -0.598429 -0.618376 -0.638324 -0.658272 -0.678219 -0.698167 -0.718114 -0.738062 
-0.019973 -0.039945 -0.059918 -0.079890 -0.099863 -0.119835 -0.139808 -0.159780 -0.179753 -0.199726 -0.219698 -0.239671 -0.259643 -0.279616 -0.299588 -0.319561 -0.339534 -0.359506 -0.379479 -0.399451 -0.419424 -0.439396 -0.459369 -0.479341 -0.499314 -0.519287 -0.539259 -0.559232 -0.579204 -0.599177 -0.619149 -0.639122 -0.659094 -0.679067 -0.699040 -0.719012 -0.738985 -0.758957 
-0.019990 -0.039979 -0.059969 -0.079958 -0.099948 -0.119937 -0.139927 -0.159916 -0.179906 -0.199895 -0.219885 -0.239874 -0.259864 -0.279853 -0.299843 -0.319832 -0.339822 -0.359811 -0.379801 -0.399790 -0.419780 -0.439769 -0.459759 -0.479748 -0.499738 -0.519727 -0.539717 -0.559706 -0.579696 -0.599685 -0.619675 -0.639664 -0.659654 -0.679643 -0.699633 -0.719622 -0.739612 -0.759601 
-0.019998 -0.039997 -0.059995 -0.079994 -0.099992 -0.119991 -0.139989 -0.159988 -0.179986 -0.199985 -0.219983 -0.239982 -0.259980 -0.279979 -0.299977 -0.319975 -0.339974 -0.359972 -0.379971 -0.399969 -0.419968 -0.439966 -0.459965 -0.479963 -0.499962 -0.519960 -0.539959 -0.559957 -0.579955 -0.599954 -0.619952 -0.639951 -0.659949 -0.679948 -0.699946 -0.719945 -0.739943 -0.759942 -0.779940 
-0.019999 -0.039999 -0.059998 -0.079998 -0.099997 -0.119997 -0.139996 -0.159995 -0.179995 -0.199994 -0.219994 -0.239993 -0.259992 -0.279992 -0.299991 -0.319991 -0.339990 -0.359990 -0.379989 -0.399988 -0.419988 -0.439987 -0.459987 -0.479986 -0.499986 -0.519985 -0.539984 -0.559984 -0.579983 -0.599983 -0.619982 -0.639981 -0.659981 -0.679980 -0.699980 -0.719979 -0.739979 -0.759978 -0.779977 -0.799977 
-0.019992 -0.039985 -0.059977 -0.079970 -0.099962 -0.119954 -0.139947 -0.159939 -0.179931 -0.199924 -0.219916 -0.239909 -0.259901 -0.279893 -0.299886 -0.319878 -0.339870 -0.359863 -0.379855 -0.399848 -0.419840 -0.439832 -0.459825 -0.479817 -0.499809 -0.519802 -0.539794 -0.559787 -0.579779 -0.599771 -0.619764 -0.639756 -0.659748 -0.679741 -0.699733 -0.719726 -0.739718 -0.759710 -0.779703 -0.799695 
-0.019977 -0.039955 -0.059932 -0.079909 -0.099887 -0.119864 -0.139841 -0.159819 -0.179796 -0.199773 -0.219751 -0.239728 -0.259705 -0.279683 -0.299660 -0.319637 -0.339615 -0.359592 -0.379569 -0.399547 -0.419524 -0.439501 -0.459479 -0.479456 -0.499433 -0.519411 -0.539388 -0.559365 -0.579343 -0.599320 -0.619297 -0.639275 -0.659252 -0.679229 -0.699207 -0.719184 -0.739161 -0.759139 -0.779116 
-0.019954 -0.039909 -0.059863 -0.079817 -0.099772 -0.119726 -0.139680 -0.159634 -0.179589 -0.199543 -0.219497 -0.239452 -0.259406 -0.279360 -0.299315 -0.319269 -0.339223 -0.359177 -0.379132 -0.399086 -0.419040 -0.438995 -0.458949 -0.478903 -0.498858 -0.518812 -0.538766 -0.558721 -0.578675 -0.598629 -0.618583 -0.638538 -0.658492 -0.678446 -0.698401 -0.718355 -0.738309 -0.758264 
-0.019923 -0.039847 -0.059770 -0.079693 -0.099616 -0.119540 -0.139463 -0.159386 -0.179310 -0.199233 -0.219156 -0.239080 -0.259003 -0.278926 -0.298849 -0.318773 -0.338696 -0.358619 -0.378543 -0.398466 -0.418389 -0.438312 -0.458236 -0.478159 -0.498082 -0.518006 -0.537929 -0.557852 -0.577775 -0.597699 -0.617622 -0.637545 -0.657469 -0.677392 -0.697315 -0.717239 -0.737162 
-0.019884 -0.039769 -0.059653 -0.079537 -0.099422 -0.119306 -0.139190 -0.159074 -0.178959 -0.198843 -0.218727 -0.238612 -0.258496 -0.278380 -0.298265 -0.318149 -0.338033 -0.357918 -0.377802 -0.397686 -0.417571 -0.437455 -0.457339 -0.477223 -0.497108 -0.516992 -0.536876 -0.556761 -0.576645 -0.596529 -0.616414 -0.636298 -0.656182 -0.676067 -0.695951 -0.715835 
-0.019837 -0.039675 -0.059512 -0.079350 -0.099187 -0.119024 -0.138862 -0.158699 -0.178536 -0.198374 -0.218211 -0.238049 -0.257886 -0.277723 -0.297561 -0.317398 -0.337235 -0.357073 -0.376910 -0.396748 -0.416585 -0.436422 -0.456260 -0.476097 -0.495934 -0.515772 -0.535609 -0.555447 -0.575284 -0.595121 -0.614959 -0.634796 -0.654633 -0.674471 -0.694308 -0.714146 
-0.019783 -0.039565 -0.059348 -0.079130 -0.098913 -0.118695 -0.138478 -0.158260 -0.178043 -0.197825 -0.217608 -0.237390 -0.257173 -0.276955 -0.296738 -0.316520 -0.336303 -0.356085 -0.375868 -0.395650 -0.415433 -0.435215 -0.454998 -0.474780 -0.494563 -0.514345 -0.534128 -0.553910 -0.573693 -0.593475 -0.613258 -0.633040 -0.652823 -0.672605 -0.692388 
-0.019720 -0.039439 -0.059159 -0.078879 -0.098599 -0.118318 -0.138038 -0.157758 -0.177478 -0.197197 -0.216917 -0.236637 -0.256356 -0.276076 -0.295796 -0.315516 -0.335235 -0.354955 -0.374675 -0.394394 -0.414114 -0.433834 -0.453554 -0.473273 -0.492993 -0.512713 -0.532433 -0.552152 -0.571872 -0.591592 -0.611311 -0.631031 -0.650751 -0.670471 
-0.019649 -0.039298 -0.058947 -0.078596 -0.098245 -0.117894 -0.137543 -0.157192 -0.176841 -0.196491 -0.216140 -0.235789 -0.255438 -0.275087 -0.294736 -0.314385 -0.334034 -0.353683 -0.373332 -0.392981 -0.412630 -0.432279 -0.451928 -0.471577 -0.491226 -0.510875 -0.530524 -0.550173 -0.569823 -0.589472 -0.609121 -0.628770 -0.648419 -0.668068 
-0.019571 -0.039141 -0.058712 -0.078282 -0.097853 -0.117423 -0.136994 -0.156564 -0.176135 -0.195705 -0.215276 -0.234846 -0.254417 -0.273987 -0.293558 -0.313128 -0.332699 -0.352269 -0.371840 -0.391410 -0.410981 -0.430551 -0.450122 -0.469693 -0.489263 -0.508834 -0.528404 -0.547975 -0.567545 -0.587116 -0.606686 -0.626257 -0.645827 
-0.019484 -0.038968 -0.058452 -0.077937 -0.097421 -0.116905 -0.136389 -0.155873 -0.175357 -0.194842 -0.214326 -0.233810 -0.253294 -0.272778 -0.292262 -0.311747 -0.331231 -0.350715 -0.370199 -0.389683 -0.409167 -0.428652 -0.448136 -0.467620 -0.487104 -0.506588 -0.526072 -0.545557 -0.565041 -0.584525 -0.604009 -0.623493 -0.642977 
-0.019390 -0.038780 -0.058170 -0.077560 -0.096950 -0.116340 -0.135730 -0.155120 -0.174510 -0.193900 -0.213290 -0.232680 -0.252070 -0.271460 -0.290850 -0.310240 -0.329630 -0.349020 -0.368410 -0.387800 -0.407190 -0.426580 -0.445970 -0.465360 -0.484750 -0.504140 -0.523530 -0.542920 -0.562310 -0.581700 -0.601090 -0.620480 
-0.019288 -0.038576 -0.057864 -0.077152 -0.096441 -0.115729 -0.135017 -0.154305 -0.173593 -0.192881 -0.212169 -0.231457 -0.250745 -0.270034 -0.289322 -0.308610 -0.327898 -0.347186 -0.366474 -0.385762 -0.405050 -0.424338 -0.443626 -0.462915 -0.482203 -0.501491 -0.520779 -0.540067 -0.559355 -0.578643 -0.597931 -0.617219 
-0.019178 -0.038357 -0.057535 -0.076714 -0.095892 -0.115071 -0.134249 -0.153428 -0.172606 -0.191785 -0.210963 -0.230142 -0.249320 -0.268499 -0.287677 -0.306856 -0.326034 -0.345213 -0.364391 -0.383570 -0.402748 -0.421927 -0.441105 -0.460284 -0.479462 -0.498641 -0.517819 -0.536998 -0.556176 -0.575355 -0.594533 -0.613712 
-0.019061 -0.038122 -0.057184 -0.076245 -0.095306 -0.114367 -0.133428 -0.152490 -0.171551 -0.190612 -0.209673 -0.228734 -0.247796 -0.266857 -0.285918 -0.304979 -0.324040 -0.343101 -0.362163 -0.381224 -0.400285 -0.419346 -0.438407 -0.457469 -0.476530 -0.495591 -0.514652 -0.533713 -0.552775 -0.571836 -0.590897 
-0.018936 -0.037873 -0.056809 -0.075745 -0.094681 -0.113618 -0.132554 -0.151490 -0.170426 -0.189363 -0.208299 -0.227235 -0.246172 -0.265108 -0.284044 -0.302980 -0.321917 -0.340853 -0.359789 -0.378726 -0.397662 -0.416598 -0.435534 -0.454471 -0.473407 -0.492343 -0.511279 -0.530216 -0.549152 -0.568088 -0.587025 
-0.018804 -0.037608 -0.056411 -0.075215 -0.094019 -0.112823 -0.131626 -0.150430 -0.169234 -0.188038 -0.206842 -0.225645 -0.244449 -0.263253 -0.282057 -0.300861 -0.319664 -0.338468 -0.357272 -0.376076 -0.394879 -0.413683 -0.432487 -0.451291 -0.470095 -0.488898 -0.507702 -0.526506 -0.545310 -0.564114 -0.582917 
-0.018664 -0.037328 -0.055991 -0.074655 -0.093319 -0.111983 -0.130646 -0.149310 -0.167974 -0.186638 -0.205301 -0.223965 -0.242629 -0.261293 -0.279957 -0.298620 -0.317284 -0.335948 -0.354612 -0.373275 -0.391939 -0.410603 -0.429267 -0.447931 -0.466594 -0.485258 -0.503922 -0.522586 -0.541249 -0.559913 
-0.018516 -0.037033 -0.055549 -0.074065 -0.092581 -0.111098 -0.129614 -0.148130 -0.166647 -0.185163 -0.203679 -0.222196 -0.240712 -0.259228 -0.277744 -0.296261 -0.314777 -0.333293 -0.351810 -0.370326 -0.388842 -0.407358 -0.425875 -0.444391 -0.462907 -0.481424 -0.499940 -0.518456 -0.536973 -0.555489 
-0.018361 -0.036723 -0.055084 -0.073446 -0.091807 -0.110168 -0.128530 -0.146891 -0.165253 -0.183614 -0.201976 -0.220337 -0.238698 -0.257060 -0.275421 -0.293783 -0.312144 -0.330505 -0.348867 -0.367228 -0.385590 -0.403951 -0.422312 -0.440674 -0.459035 -0.477397 -0.495758 -0.514119 -0.532481 -0.550842 
-0.018199 -0.036398 -0.054598 -0.072797 -0.090996 -0.109195 -0.127394 -0.145593 -0.163793 -0.181992 -0.200191 -0.218390 -0.236589 -0.254789 -0.272988 -0.291187 -0.309386 -0.327585 -0.345784 -0.363984 -0.382183 -0.400382 -0.418581 -0.436780 -0.454980 -0.473179 -0.491378 -0.509577 -0.527776 -0.545975 
-0.018030 -0.036059 -0.054089 -0.072119 -0.090148 -0.108178 -0.126208 -0.144237 -0.162267 -0.180297 -0.198326 -0.216356 -0.234386 -0.252415 -0.270445 -0.288475 -0.306504 -0.324534 -0.342564 -0.360593 -0.378623 -0.396653 -0.414682 -0.432712 -0.450742 -0.468772 -0.486801 -0.504831 -0.522861 
-0.017853 -0.035706 -0.053559 -0.071412 -0.089265 -0.107118 -0.124971 -0.142824 -0.160677 -0.178530 -0.196382 -0.214235 -0.232088 -0.249941 -0.267794 -0.285647 -0.303500 -0.321353 -0.339206 -0.357059 -0.374912 -0.392765 -0.410618 -0.428471 -0.446324 -0.464177 -0.482030 -0.499883 -0.517736 
-0.017669 -0.035338 -0.053007 -0.070676 -0.088345 -0.106015 -0.123684 -0.141353 -0.159022 -0.176691 -0.194360 -0.212029 -0.229698 -0.247367 -0.265036 -0.282705 -0.300375 -0.318044 -0.335713 -0.353382 -0.371051 -0.388720 -0.406389 -0.424058 -0.441727 -0.459396 -0.477066 -0.494735 -0.512404 
-0.017478 -0.034956 -0.052434 -0.069913 -0.087391 -0.104869 -0.122347 -0.139825 -0.157303 -0.174782 -0.192260 -0.209738 -0.227216 -0.244694 -0.262172 -0.279651 -0.297129 -0.314607 -0.332085 -0.349563 -0.367041 -0.384520 -0.401998 -0.419476 -0.436954 -0.454432 -0.471910 -0.489389 -0.506867 
-0.017280 -0.034560 -0.051841 -0.069121 -0.086401 -0.103681 -0.120962 -0.138242 -0.155522 -0.172802 -0.190083 -0.207363 -0.224643 -0.241923 -0.259204 -0.276484 -0.293764 -0.311044 -0.328325 -0.345605 -0.362885 -0.380165 -0.397446 -0.414726 -0.432006 -0.449286 -0.466567 -0.483847 -0.501127 
-0.017075 -0.034151 -0.051226 -0.068302 -0.085377 -0.102452 -0.119528 -0.136603 -0.153679 -0.170754 -0.187830 -0.204905 -0.221980 -0.239056 -0.256131 -0.273207 -0.290282 -0.307357 -0.324433 -0.341508 -0.358584 -0.375659 -0.392735 -0.409810 -0.426885 -0.443961 -0.461036 -0.478112 -0.495187 
-0.016864 -0.033728 -0.050591 -0.067455 -0.084319 -0.101183 -0.118046 -0.134910 -0.151774 -0.168638 -0.185501 -0.202365 -0.219229 -0.236093 -0.252956 -0.269820 -0.286684 -0.303548 -0.320411 -0.337275 -0.354139 -0.371003 -0.387866 -0.404730 -0.421594 -0.438458 -0.455321 -0.472185 -0.489049 
-0.016645 -0.033291 -0.049936 -0.066581 -0.083227 -0.099872 -0.116517 -0.133163 -0.149808 -0.166453 -0.183099 -0.199744 -0.216390 -0.233035 -0.249680 -0.266326 -0.282971 -0.299616 -0.316262 -0.332907 -0.349552 -0.366198 -0.382843 -0.399488 -0.416134 -0.432779 -0.449424 -0.466070 -0.482715 
-0.016420 -0.032841 -0.049261 -0.065681 -0.082101 -0.098522 -0.114942 -0.131362 -0.147783 -0.164203 -0.180623 -0.197043 -0.213464 -0.229884 -0.246304 -0.262725 -0.279145 -0.295565 -0.311985 -0.328406 -0.344826 -0.361246 -0.377667 -0.394087 -0.410507 -0.426927 -0.443348 -0.459768 
-0.016189 -0.032377 -0.048566 -0.064755 -0.080943 -0.097132 -0.113321 -0.129509 -0.145698 -0.161887 -0.178075 -0.194264 -0.210452 -0.226641 -0.242830 -0.259018 -0.275207 -0.291396 -0.307584 -0.323773 -0.339962 -0.356150 -0.372339 -0.388528 -0.404716 -0.420905 -0.437094 -0.453282 
-0.015951 -0.031901 -0.047852 -0.063802 -0.079753 -0.095703 -0.111654 -0.127604 -0.143555 -0.159505 -0.175456 -0.191407 -0.207357 -0.223308 -0.239258 -0.255209 -0.271159 -0.287110 -0.303060 -0.319011 -0.334961 -0.350912 -0.366863 -0.382813 -0.398764 -0.414714 -0.430665 -0.446615 
-0.015706 -0.031412 -0.047118 -0.062824 -0.078530 -0.094236 -0.109942 -0.125648 -0.141355 -0.157061 -0.172767 -0.188473 -0.204179 -0.219885 -0.235591 -0.251297 -0.267003 -0.282709 -0.298415 -0.314121 -0.329827 -0.345533 -0.361239 -0.376945 -0.392651 -0.408358 -0.424064 -0.439770 
-0.015455 -0.030911 -0.046366 -0.061821 -0.077276 -0.092732 -0.108187 -0.123642 -0.139098 -0.154553 -0.170008 -0.185463 -0.200919 -0.216374 -0.231829 -0.247285 -0.262740 -0.278195 -0.293651 -0.309106 -0.324561 -0.340016 -0.355472 -0.370927 -0.386382 -0.401838 -0.417293 -0.432748 
-0.015198 -0.030397 -0.045595 -0.060793 -0.075992 -0.091190 -0.106388 -0.121587 -0.136785 -0.151983 -0.167182 -0.182380 -0.197578 -0.212777 -0.227975 -0.243173 -0.258372 -0.273570 -0.288768 -0.303967 -0.319165 -0.334363 -0.349562 -0.364760 -0.379958 -0.395157 -0.410355 -0.425553 
-0.014935 -0.029871 -0.044806 -0.059741 -0.074677 -0.089612 -0.104547 -0.119482 -0.134418 -0.149353 -0.164288 -0.179224 -0.194159 -0.209094 -0.224030 -0.238965 -0.253900 -0.268836 -0.283771 -0.298706 -0.313641 -0.328577 -0.343512 -0.358447 -0.373383 -0.388318 -0.403253 -0.418189 
-0.014666 -0.029333 -0.043999 -0.058665 -0.073332 -0.087998 -0.102664 -0.117330 -0.131997 -0.146663 -0.161329 -0.175996 -0.190662 -0.205328 -0.219995 -0.234661 -0.249327 -0.263993 -0.278660 -0.293326 -0.307992 -0.322659 -0.337325 -0.351991 -0.366658 -0.381324 -0.395990 -0.410657 
-0.014391 -0.028783 -0.043174 -0.057566 -0.071957 -0.086349 -0.100740 -0.115131 -0.129523 -0.143914 -0.158306 -0.172697 -0.187089 -0.201480 -0.215872 -0.230263 -0.244654 -0.259046 -0.273437 -0.287829 -0.302220 -0.316612 -0.331003 -0.345394 -0.359786 -0.374177 -0.388569 -0.402960 
-0.014111 -0.028222 -0.042332 -0.056443 -0.070554 -0.084665 -0.098776 -0.112886 -0.126997 -0.141108 -0.155219 -0.169330 -0.183440 -0.197551 -0.211662 -0.225773 -0.239884 -0.253995 -0.268105 -0.282216 -0.296327 -0.310438 -0.324549 -0.338659 -0.352770 -0.366881 -0.380992 -0.395103 
-0.013825 -0.027649 -0.041474 -0.055298 -0.069123 -0.082947 -0.096772 -0.110596 -0.124421 -0.138245 -0.152070 -0.165894 -0.179719 -0.193543 -0.207368 -0.221193 -0.235017 -0.248842 -0.262666 -0.276491 -0.290315 -0.304140 -0.317964 -0.331789 -0.345613 -0.359438 -0.373262 -0.387087 -0.400912 
-0.013533 -0.027065 -0.040598 -0.054131 -0.067664 -0.081196 -0.094729 -0.108262 -0.121795 -0.135327 -0.148860 -0.162393 -0.175926 -0.189458 -0.202991 -0.216524 -0.230056 -0.243589 -0.257122 -0.270655 -0.284187 -0.297720 -0.311253 -0.324786 -0.338318 -0.351851 -0.365384 -0.378917 -0.392449 
-0.013236 -0.026471 -0.039707 -0.052942 -0.066178 -0.079413 -0.092649 -0.105884 -0.119120 -0.132355 -0.145591 -0.158826 -0.172062 -0.185297 -0.198533 -0.211768 -0.225004 -0.238239 -0.251475 -0.264710 -0.277946 -0.291181 -0.304417 -0.317653 -0.330888 -0.344124 -0.357359 -0.370595 -0.383830 
-0.012933 -0.025866 -0.038799 -0.051732 -0.064665 -0.077598 -0.090531 -0.103464 -0.116397 -0.129330 -0.142263 -0.155196 -0.168129 -0.181062 -0.193995 -0.206928 -0.219861 -0.232794 -0.245727 -0.258660 -0.271593 -0.284526 -0.297459 -0.310392 -0.323325 -0.336258 -0.349191 -0.362124 -0.375057 
-0.012625 -0.025251 -0.037876 -0.050501 -0.063127 -0.075752 -0.088377 -0.101003 -0.113628 -0.126253 -0.138879 -0.151504 -0.164129 -0.176755 -0.189380 -0.202005 -0.214631 -0.227256 -0.239881 -0.252507 -0.265132 -0.277757 -0.290383 -0.303008 -0.315633 -0.328259 -0.340884 -0.353509 -0.366135 
-0.012313 -0.024625 -0.036938 -0.049250 -0.061563 -0.073876 -0.086188 -0.098501 -0.110813 -0.123126 -0.135439 -0.147751 -0.160064 -0.172376 -0.184689 -0.197002 -0.209314 -0.221627 -0.233939 -0.246252 -0.258565 -0.270877 -0.283190 -0.295502 -0.307815 -0.320128 -0.332440 -0.344753 -0.357065 
-0.011995 -0.023990 -0.035985 -0.047980 -0.059975 -0.071970 -0.083965 -0.095960 -0.107955 -0.119949 -0.131944 -0.143939 -0.155934 -0.167929 -0.179924 -0.191919 -0.203914 -0.215909 -0.227904 -0.239899 -0.251894 -0.263889 -0.275884 -0.287879 -0.299874 -0.311869 -0.323864 -0.335859 -0.347853 
-0.011672 -0.023345 -0.035017 -0.046690 -0.058362 -0.070035 -0.081707 -0.093380 -0.105052 -0.116725 -0.128397 -0.140070 -0.151742 -0.163415 -0.175087 -0.186760 -0.198432 -0.210105 -0.221777 -0.233450 -0.245122 -0.256795 -0.268467 -0.280140 -0.291812 -0.303485 -0.315157 -0.326830 -0.338502 
-0.011345 -0.022691 -0.034036 -0.045381 -0.056727 -0.068072 -0.079418 -0.090763 -0.102108 -0.113454 -0.124799 -0.136144 -0.147490 -0.158835 -0.170181 -0.181526 -0.192871 -0.204217 -0.215562 -0.226907 -0.238253 -0.249598 -0.260944 -0.272289 -0.283634 -0.294980 -0.306325 -0.317670 -0.329016 -0.340361 
-0.011014 -0.022027 -0.033041 -0.044055 -0.055069 -0.066082 -0.077096 -0.088110 -0.099123 -0.110137 -0.121151 -0.132165 -0.143178 -0.154192 -0.165206 -0.176219 -0.187233 -0.198247 -0.209261 -0.220274 -0.231288 -0.242302 -0.253315 -0.264329 -0.275343 -0.286356 -0.297370 -0.308384 -0.319398 -0.330411 
-0.010678 -0.021355 -0.032033 -0.042711 -0.053388 -0.064066 -0.074744 -0.085421 -0.096099 -0.106776 -0.117454 -0.128132 -0.138809 -0.149487 -0.160165 -0.170842 -0.181520 -0.192198 -0.202875 -0.213553 -0.224231 -0.234908 -0.245586 -0.256263 -0.266941 -0.277619 -0.288296 -0.298974 -0.309652 -0.320329 
-0.010337 -0.020675 -0.031012 -0.041349 -0.051687 -0.062024 -0.072361 -0.082698 -0.093036 -0.103373 -0.113710 -0.124048 -0.134385 -0.144722 -0.155060 -0.165397 -0.175734 -0.186072 -0.196409 -0.206746 -0.217083 -0.227421 -0.237758 -0.248095 -0.258433 -0.268770 -0.279107 -0.289445 -0.299782 -0.310119 
-0.009993 -0.019986 -0.029979 -0.039971 -0.049964 -0.059957 -0.069950 -0.079943 -0.089936 -0.099928 -0.109921 -0.119914 -0.129907 -0.139900 -0.149893 -0.159885 -0.169878 -0.179871 -0.189864 -0.199857 -0.209850 -0.219842 -0.229835 -0.239828 -0.249821 -0.259814 -0.269807 -0.279799 -0.289792 -0.299785 
-0.009644 -0.019289 -0.028933 -0.038577 -0.048222 -0.057866 -0.067511 -0.077155 -0.086799 -0.096444 -0.106088 -0.115732 -0.125377 -0.135021 -0.144666 -0.154310 -0.163954 -0.173599 -0.183243 -0.192887 -0.202532 -0.212176 -0.221820 -0.231465 -0.241109 -0.250754 -0.260398 -0.270042 -0.279687 -0.289331 -0.298975 
-0.009292 -0.018584 -0.027876 -0.037168 -0.046460 -0.055752 -0.065044 -0.074336 -0.083628 -0.092920 -0.102212 -0.111505 -0.120797 -0.130089 -0.139381 -0.148673 -0.157965 -0.167257 -0.176549 -0.185841 -0.195133 -0.204425 -0.213717 -0.223009 -0.232301 -0.241593 -0.250885 -0.260177 -0.269469 -0.278761 -0.288053 
-0.008936 -0.017872 -0.026808 -0.035744 -0.044680 -0.053616 -0.062552 -0.071488 -0.080424 -0.089360 -0.098296 -0.107232 -0.116168 -0.125104 -0.134040 -0.142976 -0.151912 -0.160848 -0.169784 -0.178720 -0.187656 -0.196592 -0.205528 -0.214464 -0.223400 -0.232336 -0.241272 -0.250208 -0.259144 -0.268080 -0.277016 
-0.008576 -0.017153 -0.025729 -0.034306 -0.042882 -0.051458 -0.060035 -0.068611 -0.077187 -0.085764 -0.094340 -0.102917 -0.111493 -0.120069 -0.128646 -0.137222 -0.145799 -0.154375 -0.162951 -0.171528 -0.180104 -0.188680 -0.197257 -0.205833 -0.214410 -0.222986 -0.231562 -0.240139 -0.248715 -0.257292 -0.265868 -0.274444 
-0.008213 -0.016427 -0.024640 -0.032853 -0.041067 -0.049280 -0.057493 -0.065707 -0.073920 -0.082133 -0.090347 -0.098560 -0.106773 -0.114987 -0.123200 -0.131413 -0.139627 -0.147840 -0.156053 -0.164267 -0.172480 -0.180693 -0.188907 -0.197120 -0.205333 -0.213547 -0.221760 -0.229973 -0.238187 -0.246400 -0.254613 -0.262827 
-0.007847 -0.015694 -0.023541 -0.031388 -0.039235 -0.047082 -0.054929 -0.062776 -0.070623 -0.078470 -0.086317 -0.094164 -0.102011 -0.109858 -0.117705 -0.125552 -0.133399 -0.141246 -0.149093 -0.156940 -0.164787 -0.172634 -0.180481 -0.188328 -0.196175 -0.204022 -0.211869 -0.219716 -0.227563 -0.235410 -0.243257 -0.251104 
-0.007478 -0.014955 -0.022433 -0.029910 -0.037388 -0.044865 -0.052343 -0.059820 -0.067298 -0.074775 -0.082253 -0.089730 -0.097208 -0.104685 -0.112163 -0.119641 -0.127118 -0.134596 -0.142073 -0.149551 -0.157028 -0.164506 -0.171983 -0.179461 -0.186938 -0.194416 -0.201893 -0.209371 -0.216848 -0.224326 -0.231804 -0.239281 -0.246759 
-0.007105 -0.014210 -0.021315 -0.028420 -0.035525 -0.042630 -0.049735 -0.056841 -0.063946 -0.071051 -0.078156 -0.085261 -0.092366 -0.099471 -0.106576 -0.113681 -0.120786 -0.127891 -0.134996 -0.142101 -0.149206 -0.156312 -0.163417 -0.170522 -0.177627 -0.184732 -0.191837 -0.198942 -0.206047 -0.213152 -0.220257 -0.227362 -0.234467 
-0.006730 -0.013460 -0.020189 -0.026919 -0.033649 -0.040379 -0.047108 -0.053838 -0.060568 -0.067298 -0.074027 -0.080757 -0.087487 -0.094217 -0.100947 -0.107676 -0.114406 -0.121136 -0.127866 -0.134595 -0.141325 -0.148055 -0.154785 -0.161514 -0.168244 -0.174974 -0.181704 -0.188433 -0.195163 -0.201893 -0.208623 -0.215353 -0.222082 -0.228812 
-0.006352 -0.012704 -0.019055 -0.025407 -0.031759 -0.038111 -0.044462 -0.050814 -0.057166 -0.063518 -0.069869 -0.076221 -0.082573 -0.088925 -0.095277 -0.101628 -0.107980 -0.114332 -0.120684 -0.127035 -0.133387 -0.139739 -0.146091 -0.152443 -0.158794 -0.165146 -0.171498 -0.177850 -0.184201 -0.190553 -0.196905 -0.203257 -0.209608 -0.215960 
-0.005971 -0.011942 -0.017914 -0.023885 -0.029856 -0.035827 -0.041799 -0.047770 -0.053741 -0.059712 -0.065684 -0.071655 -0.077626 -0.083597 -0.089569 -0.095540 -0.101511 -0.107482 -0.113453 -0.119425 -0.125396 -0.131367 -0.137338 -0.143310 -0.149281 -0.155252 -0.161223 -0.167195 -0.173166 -0.179137 -0.185108 -0.191080 -0.197051 -0.203022 
-0.005588 -0.011177 -0.016765 -0.022353 -0.027942 -0.033530 -0.039118 -0.044706 -0.050295 -0.055883 -0.061471 -0.067060 -0.072648 -0.078236 -0.083825 -0.089413 -0.095001 -0.100590 -0.106178 -0.111766 -0.117355 -0.122943 -0.128531 -0.134119 -0.139708 -0.145296 -0.150884 -0.156473 -0.162061 -0.167649 -0.173238 -0.178826 -0.184414 -0.190003 -0.195591 
-0.005203 -0.010406 -0.015609 -0.020813 -0.026016 -0.031219 -0.036422 -0.041625 -0.046828 -0.052031 -0.057235 -0.062438 -0.067641 -0.072844 -0.078047 -0.083250 -0.088454 -0.093657 -0.098860 -0.104063 -0.109266 -0.114469 -0.119672 -0.124876 -0.130079 -0.135282 -0.140485 -0.145688 -0.150891 -0.156094 -0.161298 -0.166501 -0.171704 -0.176907 -0.182110 
-0.004816 -0.009632 -0.014448 -0.019264 -0.024080 -0.028895 -0.033711 -0.038527 -0.043343 -0.048159 -0.052975 -0.057791 -0.062607 -0.067423 -0.072239 -0.077055 -0.081870 -0.086686 -0.091502 -0.096318 -0.101134 -0.105950 -0.110766 -0.115582 -0.120398 -0.125214 -0.130030 -0.134845 -0.139661 -0.144477 -0.149293 -0.154109 -0.158925 -0.163741 -0.168557 -0.173373 
-0.004427 -0.008853 -0.013280 -0.017707 -0.022134 -0.026560 -0.030987 -0.035414 -0.039841 -0.044267 -0.048694 -0.053121 -0.057548 -0.061974 -0.066401 -0.070828 -0.075255 -0.079681 -0.084108 -0.088535 -0.092962 -0.097388 -0.101815 -0.106242 -0.110669 -0.115095 -0.119522 -0.123949 -0.128375 -0.132802 -0.137229 -0.141656 -0.146082 -0.150509 -0.154936 -0.159363 -0.163789 
-0.004036 -0.008072 -0.012107 -0.016143 -0.020179 -0.024215 -0.028251 -0.032286 -0.036322 -0.040358 -0.044394 -0.048430 -0.052465 -0.056501 -0.060537 -0.064573 -0.068609 -0.072644 -0.076680 -0.080716 -0.084752 -0.088788 -0.092823 -0.096859 -0.100895 -0.104931 -0.108967 -0.113002 -0.117038 -0.121074 -0.125110 -0.129146 -0.133181 -0.137217 -0.141253 -0.145289 -0.149325 
-0.003643 -0.007287 -0.010930 -0.014573 -0.018216 -0.021860 -0.025503 -0.029146 -0.032789 -0.036433 -0.040076 -0.043719 -0.047362 -0.051006 -0.054649 -0.058292 -0.061935 -0.065579 -0.069222 -0.072865 -0.076508 -0.080152 -0.083795 -0.087438 -0.091081 -0.094725 -0.098368 -0.102011 -0.105654 -0.109298 -0.112941 -0.116584 -0.120227 -0.123871 -0.127514 -0.131157 -0.134800 -0.138444 
-0.003249 -0.006498 -0.009748 -0.012997 -0.016246 -0.019495 -0.022745 -0.025994 -0.029243 -0.032492 -0.035742 -0.038991 -0.042240 -0.045489 -0.048739 -0.051988 -0.055237 -0.058486 -0.061736 -0.064985 -0.068234 -0.071483 -0.074733 -0.077982 -0.081231 -0.084480 -0.087729 -0.090979 -0.094228 -0.097477 -0.100726 -0.103976 -0.107225 -0.110474 -0.113723 -0.116973 -0.120222 -0.123471 -0.126720 
-0.002854 -0.005708 -0.008562 -0.011416 -0.014270 -0.017124 -0.019978 -0.022831 -0.025685 -0.028539 -0.031393 -0.034247 -0.037101 -0.039955 -0.042809 -0.045663 -0.048517 -0.051371 -0.054225 -0.057079 -0.059933 -0.062786 -0.065640 -0.068494 -0.071348 -0.074202 -0.077056 -0.079910 -0.082764 -0.085618 -0.088472 -0.091326 -0.094180 -0.097034 -0.099888 -0.102742 -0.105595 -0.108449 -0.111303 
-0.002457 -0.004915 -0.007372 -0.009830 -0.012287 -0.014745 -0.017202 -0.019660 -0.022117 -0.024575 -0.027032 -0.029490 -0.031947 -0.034405 -0.036862 -0.039320 -0.041777 -0.044235 -0.046692 -0.049150 -0.051607 -0.054065 -0.056522 -0.058980 -0.061437 -0.063894 -0.066352 -0.068809 -0.071267 -0.073724 -0.076182 -0.078639 -0.081097 -0.083554 -0.086012 -0.088469 -0.090927 -0.093384 -0.095842 -0.098299 
-0.002060 -0.004120 -0.006180 -0.008240 -0.010300 -0.012360 -0.014420 -0.016480 -0.018540 -0.020600 -0.022661 -0.024721 -0.026781 -0.028841 -0.030901 -0.032961 -0.035021 -0.037081 -0.039141 -0.041201 -0.043261 -0.045321 -0.047381 -0.049441 -0.051501 -0.053561 -0.055621 -0.057681 -0.059741 -0.061801 -0.063861 -0.065921 -0.067982 -0.070042 -0.072102 -0.074162 -0.076222 -0.078282 -0.080342 -0.082402 -0.084462 
-0.001662 -0.003324 -0.004985 -0.006647 -0.008309 -0.009971 -0.011633 -0.013294 -0.014956 -0.016618 -0.018280 -0.019941 -0.021603 -0.023265 -0.024927 -0.026589 -0.028250 -0.029912 -0.031574 -0.033236 -0.034898 -0.036559 -0.038221 -0.039883 -0.041545 -0.043206 -0.044868 -0.046530 -0.048192 -0.049854 -0.051515 -0.053177 -0.054839 -0.056501 -0.058163 -0.059824 -0.061486 -0.063148 -0.064810 -0.066472 -0.068133 -0.069795 
-0.001263 -0.002526 -0.003789 -0.005051 -0.006314 -0.007577 -0.008840 -0.010103 -0.011366 -0.012629 -0.013892 -0.015154 -0.016417 -0.017680 -0.018943 -0.020206 -0.021469 -0.022732 -0.023994 -0.025257 -0.026520 -0.027783 -0.029046 -0.030309 -0.031572 -0.032835 -0.034097 -0.035360 -0.036623 -0.037886 -0.039149 -0.040412 -0.041675 -0.042937 -0.044200 -0.045463 -0.046726 -0.047989 -0.049252 -0.050515 -0.051777 -0.053040 -0.054303 
-0.000863 -0.001727 -0.002590 -0.003454 -0.004317 -0.005181 -0.006044 -0.006908 -0.007771 -0.008634 -0.009498 -0.010361 -0.011225 -0.012088 -0.012952 -0.013815 -0.014678 -0.015542 -0.016405 -0.017269 -0.018132 -0.018996 -0.019859 -0.020723 -0.021586 -0.022449 -0.023313 -0.024176 -0.025040 -0.025903 -0.026767 -0.027630 -0.028493 -0.029357 -0.030220 -0.031084 -0.031947 -0.032811 -0.033674 -0.034538 -0.035401 -0.036264 -0.037128 
-0.000464 -0.000927 -0.001391 -0.001855 -0.002318 -0.002782 -0.003246 -0.003709 -0.004173 -0.004637 -0.005100 -0.005564 -0.006028 -0.006491 -0.006955 -0.007419 -0.007882 -0.008346 -0.008810 -0.009273 -0.009737 -0.010201 -0.010664 -0.011128 -0.011592 -0.012055 -0.012519 -0.012983 -0.013446 -0.013910 -0.014374 -0.014837 -0.015301 -0.015765 -0.016228 -0.016692 -0.017156 -0.017619 -0.018083 -0.018547 -0.019010 -0.019474 -0.019938 -0.020401 
-0.000064 -0.000127 -0.000191 -0.000255 -0.000319 -0.000382 -0.000446 -0.000510 -0.000573 -0.000637 -0.000701 -0.000764 -0.000828 -0.000892 -0.000956 -0.001019 -0.001083 -0.001147 -0.001210 -0.001274 -0.001338 -0.001402 -0.001465 -0.001529 -0.001593 -0.001656 -0.001720 -0.001784 -0.001847 -0.001911 -0.001975 -0.002039 -0.002102 -0.002166 -0.002230 -0.002293 -0.002357 -0.002421 -0.002485 -0.002548 -0.002612 -0.002676 -0.002739 -0.002803 -0.002867 
